0.1200000000 0.0881335470 0
0.1200000000 0.1700870524 0
0.1200000000 0.3091513084 1
0.1200000000 0.1605524601 0
0.1200000000 0.3477705969 1
0.1200000000 0.2503046989 0
0.1200000000 0.1766717416 1
0.1200000000 0.1349704765 0
0.1200000000 0.1748284682 0
0.1200000000 0.2769774314 1
0.1200000000 0.0881335470 0
0.1200000000 0.1700870524 0
0.1200000000 0.3091513084 1
0.1200000000 0.1605524601 0
0.1200000000 0.3477705969 1
0.1200000000 0.2503046989 0
0.1200000000 0.1766717416 1
0.1200000000 0.1349704765 0
0.1200000000 0.1748284682 0
0.1200000000 0.2769774314 1
0.1200000000 0.0881335470 0
0.1200000000 0.1700870524 0
0.1200000000 0.3091513084 1
0.1200000000 0.1605524601 0
0.1200000000 0.3477705969 1
0.1200000000 0.2503046989 0
0.1200000000 0.1766717416 1
0.1200000000 0.1349704765 0
0.1200000000 0.1748284682 0
0.1200000000 0.2769774314 1
0.1200000000 0.0881335470 0
0.1200000000 0.1700870524 0
0.1200000000 0.3091513084 1
0.1200000000 0.1605524601 0
0.1200000000 0.3477705969 1
0.1200000000 0.2503046989 0
0.1200000000 0.1766717416 1
0.1200000000 0.1349704765 0
0.1200000000 0.1748284682 0
0.1200000000 0.2769774314 1
0.1200000000 0.0881335470 0
0.1200000000 0.1700870524 0
0.1200000000 0.3091513084 1
0.1200000000 0.1605524601 0
0.1200000000 0.3477705969 1
0.1200000000 0.2503046989 0
0.1200000000 0.1766717416 1
0.1200000000 0.1349704765 0
0.1200000000 0.1748284682 0
0.1200000000 0.2769774314 1
0.1200000000 0.0881335469 0
0.1200000000 0.1700870524 0
0.1200000000 0.3091513084 1
0.1200000000 0.1605524601 0
0.1200000000 0.3477705969 1
0.1200000000 0.2503046989 0
0.1200000000 0.1766717416 1
0.1200000000 0.1349704765 0
0.1200000000 0.1748284682 0
0.1200000000 0.2769774314 1
0.1200000000 0.0881335469 0
0.1200000000 0.1700870524 0
0.1200000000 0.3091513084 1
0.1200000000 0.1605524601 0
0.1200000000 0.3477705969 1
0.1200000000 0.2503046989 0
0.1200000000 0.1766717416 1
0.1200000000 0.1349704765 0
0.1200000000 0.1748284682 0
0.1200000000 0.2769774314 1
0.1200000000 0.0881335469 0
0.1200000000 0.1700870524 0
0.1200000000 0.3091513084 1
0.1200000000 0.1605524601 0
0.1200000000 0.3477705969 1
0.1200000000 0.2503046989 0
0.1200000000 0.1766717416 1
0.1200000000 0.1349704765 0
0.1200000000 0.1748284682 0
0.1200000000 0.2769774314 1
0.1200000000 0.0881335469 0
0.1200000000 0.1700870524 0
0.1200000000 0.3091513084 1
0.1200000000 0.1605524601 0
0.1200000000 0.3477705969 1
0.1200000000 0.2503046989 0
0.1200000000 0.1766717416 1
0.1200000000 0.1349704765 0
0.1200000000 0.1748284682 0
0.1200000000 0.2769774314 1
0.1200000000 0.0881335469 0
0.1200000000 0.1700870524 0
0.1200000000 0.3091513084 1
0.1200000000 0.1605524601 0
0.1200000000 0.3477705969 1
0.1200000000 0.2503046989 0
0.1200000000 0.1766717416 1
0.1200000000 0.1349704765 0
0.1200000000 0.1748284682 0
0.1200000000 0.2769774314 1
0.1210000000 0.1437825622 0
0.1210000000 0.2981261813 1
0.1210000000 0.1134222948 0
0.1210000000 0.1788268491 0
0.1210000000 0.2893074813 1
0.1210000000 0.1261379041 0
0.1210000000 0.1786739775 0
0.1210000000 0.2808439635 1
0.1210000000 0.1036408402 0
0.1210000000 0.1765245590 0
0.1210000000 0.2971768119 1
0.1210000000 0.1402825774 0
0.1210000000 0.1749368997 0
0.1210000000 0.2729828383 1
0.1210000000 0.0665076710 0
0.1210000000 0.1554855358 0
0.1210000000 0.1397720716 0
0.1210000000 0.2901483169 1
0.1210000000 0.0905885803 0
0.1210000000 0.1716195766 0
0.1210000000 0.3077053905 1
0.1210000000 0.1549798378 0
0.1210000000 0.3533470532 1
0.1210000000 0.2477908635 0
0.1210000000 0.1903551134 1
0.1210000000 0.1449543886 0
0.1210000000 0.1716718422 0
0.1210000000 0.2720132840 1
0.1210000000 0.0546060825 0
0.1210000000 0.1449238562 0
0.1210000000 0.1442640582 0
0.1210000000 0.2999957643 1
0.1210000000 0.1177167146 0
0.1210000000 0.1791949593 0
0.1210000000 0.2861841835 1
0.1210000000 0.1191072616 0
0.1210000000 0.1789984669 0
0.1210000000 0.2854866660 1
0.1210000000 0.1170380252 0
0.1210000000 0.1789162968 0
0.1210000000 0.2869425280 1
0.1210000000 0.1205822771 0
0.1210000000 0.1790117087 0
0.1210000000 0.2844690411 1
0.1210000000 0.1144058671 0
0.1210000000 0.1786950529 0
0.1210000000 0.2888519863 1
0.1210000000 0.1248763249 0
0.1210000000 0.1788055319 0
0.1210000000 0.2816372010 1
0.1210000000 0.1062148354 0
0.1210000000 0.1772225209 0
0.1210000000 0.2951235411 1
0.1210000000 0.1368843978 0
0.1210000000 0.1762334114 0
0.1210000000 0.2747257794 1
0.1210000000 0.0772438113 0
0.1210000000 0.1635229978 0
0.1210000000 0.3189493517 1
0.1210000000 0.1662412684 0
0.1210000000 0.3442326334 1
0.1210000000 0.2476003186 0
0.1210000000 0.1913485626 1
0.1210000000 0.1453909564 0
0.1210000000 0.1714547324 0
0.1210000000 0.2717705506 1
0.1210000000 0.0528207681 0
0.1210000000 0.1431930922 0
0.1210000000 0.1445448793 0
0.1210000000 0.3015379821 1
0.1210000000 0.1210262484 0
0.1210000000 0.1792449854 0
0.1210000000 0.2838913735 1
0.1210000000 0.1132290176 0
0.1210000000 0.1785533363 0
0.1210000000 0.2897265951 1
0.1210000000 0.1267253117 0
0.1210000000 0.1786047651 0
0.1210000000 0.2804768897 1
0.1210000000 0.1024070743 0
0.1210000000 0.1761515116 0
0.1210000000 0.2981718201 1
0.1210000000 0.1418528858 0
0.1210000000 0.1742483433 0
0.1210000000 0.2721851535 1
0.1210000000 0.0609688021 0
0.1210000000 0.1507756300 0
0.1210000000 0.1424401819 0
0.1210000000 0.2946451256 1
0.1210000000 0.1044667181 0
0.1210000000 0.1770121620 0
0.1210000000 0.2962566727 1
0.1210000000 0.1390035965 0
0.1210000000 0.1754540473 0
0.1210000000 0.2736357016 1
0.1210000000 0.0707388751 0
0.1210000000 0.1588286002 0
0.1210000000 0.1370323789 0
0.1210000000 0.2867884719 1
0.1210000000 0.0780417688 0
0.1220000000 0.2420895350 0
0.1220000000 0.2134252800 1
0.1220000000 0.1621089003 0
0.1220000000 0.3483363675 1
0.1220000000 0.2420895350 0
0.1220000000 0.2134252800 1
0.1220000000 0.1621089003 0
0.1220000000 0.3483363675 1
0.1220000000 0.2420895350 0
0.1220000000 0.2134252800 1
0.1220000000 0.1621089003 0
0.1220000000 0.3483363675 1
0.1220000000 0.2420895350 0
0.1220000000 0.2134252800 1
0.1220000000 0.1621089003 0
0.1220000000 0.3483363675 1
0.1220000000 0.2420895350 0
0.1220000000 0.2134252800 1
0.1220000000 0.1621089003 0
0.1220000000 0.3483363675 1
0.1220000000 0.2420895350 0
0.1220000000 0.2134252800 1
0.1220000000 0.1621089003 0
0.1220000000 0.3483363675 1
0.1220000000 0.2420895350 0
0.1220000000 0.2134252800 1
0.1220000000 0.1621089003 0
0.1220000000 0.3483363675 1
0.1220000000 0.2420895350 0
0.1220000000 0.2134252800 1
0.1220000000 0.1621089003 0
0.1220000000 0.3483363675 1
0.1220000000 0.2420895350 0
0.1220000000 0.2134252800 1
0.1220000000 0.1621089003 0
0.1220000000 0.3483363675 1
0.1220000000 0.2420895350 0
0.1220000000 0.2134252800 1
0.1220000000 0.1621089003 0
0.1220000000 0.3483363675 1
0.1220000000 0.2420895350 0
0.1220000000 0.2134252800 1
0.1220000000 0.1621089003 0
0.1220000000 0.3483363675 1
0.1220000000 0.2420895350 0
0.1220000000 0.2134252800 1
0.1220000000 0.1621089003 0
0.1220000000 0.3483363675 1
0.1220000000 0.2420895350 0
0.1220000000 0.2134252800 1
0.1220000000 0.1621089003 0
0.1220000000 0.3483363675 1
0.1220000000 0.2420895350 0
0.1220000000 0.2134252800 1
0.1220000000 0.1621089003 0
0.1220000000 0.3483363675 1
0.1220000000 0.2420895350 0
0.1220000000 0.2134252800 1
0.1220000000 0.1621089003 0
0.1220000000 0.3483363675 1
0.1220000000 0.2420895350 0
0.1220000000 0.2134252800 1
0.1220000000 0.1621089003 0
0.1220000000 0.3483363675 1
0.1220000000 0.2420895350 0
0.1220000000 0.2134252800 1
0.1220000000 0.1621089003 0
0.1220000000 0.3483363675 1
0.1220000000 0.2420895350 0
0.1220000000 0.2134252800 1
0.1220000000 0.1621089003 0
0.1220000000 0.3483363675 1
0.1220000000 0.2420895350 0
0.1220000000 0.2134252800 1
0.1220000000 0.1621089003 0
0.1220000000 0.3483363675 1
0.1220000000 0.2420895350 0
0.1220000000 0.2134252800 1
0.1220000000 0.1621089003 0
0.1220000000 0.3483363675 1
0.1220000000 0.2420895350 0
0.1220000000 0.2134252800 1
0.1220000000 0.1621089003 0
0.1220000000 0.3483363675 1
0.1220000000 0.2420895350 0
0.1220000000 0.2134252800 1
0.1220000000 0.1621089003 0
0.1220000000 0.3483363675 1
0.1220000000 0.2420895350 0
0.1220000000 0.2134252800 1
0.1220000000 0.1621089003 0
0.1220000000 0.3483363675 1
0.1220000000 0.2420895350 0
0.1220000000 0.2134252800 1
0.1220000000 0.1621089003 0
0.1220000000 0.3483363675 1
0.1220000000 0.2420895350 0
0.1220000000 0.2134252800 1
0.1220000000 0.1621089003 0
0.1220000000 0.3483363675 1
0.1230000000 0.2390206155 0
0.1230000000 0.2262694330 1
0.1230000000 0.1701571479 0
0.1230000000 0.3427572794 1
0.1230000000 0.2390206155 0
0.1230000000 0.2262694330 1
0.1230000000 0.1701571479 0
0.1230000000 0.3427572794 1
0.1230000000 0.2390206155 0
0.1230000000 0.2262694330 1
0.1230000000 0.1701571479 0
0.1230000000 0.3427572794 1
0.1230000000 0.2390206155 0
0.1230000000 0.2262694330 1
0.1230000000 0.1701571479 0
0.1230000000 0.3427572794 1
0.1230000000 0.2390206155 0
0.1230000000 0.2262694330 1
0.1230000000 0.1701571479 0
0.1230000000 0.3427572794 1
0.1230000000 0.2390206155 0
0.1230000000 0.2262694330 1
0.1230000000 0.1701571479 0
0.1230000000 0.3427572794 1
0.1230000000 0.2390206155 0
0.1230000000 0.2262694330 1
0.1230000000 0.1701571479 0
0.1230000000 0.3427572794 1
0.1230000000 0.2390206155 0
0.1230000000 0.2262694330 1
0.1230000000 0.1701571479 0
0.1230000000 0.3427572794 1
0.1230000000 0.2390206155 0
0.1230000000 0.2262694330 1
0.1230000000 0.1701571479 0
0.1230000000 0.3427572794 1
0.1230000000 0.2390206155 0
0.1230000000 0.2262694330 1
0.1230000000 0.1701571479 0
0.1230000000 0.3427572794 1
0.1230000000 0.2390206155 0
0.1230000000 0.2262694330 1
0.1230000000 0.1701571479 0
0.1230000000 0.3427572794 1
0.1230000000 0.2390206155 0
0.1230000000 0.2262694330 1
0.1230000000 0.1701571479 0
0.1230000000 0.3427572794 1
0.1230000000 0.2390206155 0
0.1230000000 0.2262694330 1
0.1230000000 0.1701571479 0
0.1230000000 0.3427572794 1
0.1230000000 0.2390206155 0
0.1230000000 0.2262694330 1
0.1230000000 0.1701571479 0
0.1230000000 0.3427572794 1
0.1230000000 0.2390206155 0
0.1230000000 0.2262694330 1
0.1230000000 0.1701571479 0
0.1230000000 0.3427572794 1
0.1230000000 0.2390206155 0
0.1230000000 0.2262694330 1
0.1230000000 0.1701571479 0
0.1230000000 0.3427572794 1
0.1230000000 0.2390206155 0
0.1230000000 0.2262694330 1
0.1230000000 0.1701571479 0
0.1230000000 0.3427572794 1
0.1230000000 0.2390206155 0
0.1230000000 0.2262694330 1
0.1230000000 0.1701571479 0
0.1230000000 0.3427572794 1
0.1230000000 0.2390206155 0
0.1230000000 0.2262694330 1
0.1230000000 0.1701571479 0
0.1230000000 0.3427572794 1
0.1230000000 0.2390206155 0
0.1230000000 0.2262694330 1
0.1230000000 0.1701571479 0
0.1230000000 0.3427572794 1
0.1230000000 0.2390206155 0
0.1230000000 0.2262694330 1
0.1230000000 0.1701571479 0
0.1230000000 0.3427572794 1
0.1230000000 0.2390206155 0
0.1230000000 0.2262694330 1
0.1230000000 0.1701571479 0
0.1230000000 0.3427572794 1
0.1230000000 0.2390206155 0
0.1230000000 0.2262694330 1
0.1230000000 0.1701571479 0
0.1230000000 0.3427572794 1
0.1230000000 0.2390206155 0
0.1230000000 0.2262694330 1
0.1230000000 0.1701571479 0
0.1230000000 0.3427572794 1
0.1230000000 0.2390206155 0
0.1230000000 0.2262694330 1
0.1230000000 0.1701571479 0
0.1230000000 0.3427572794 1
0.1240000000 0.3351389503 1
0.1240000000 0.2347876547 0
0.1240000000 0.2411635244 1
0.1240000000 0.1793903056 0
0.1240000000 0.3351389503 1
0.1240000000 0.2347876547 0
0.1240000000 0.2411635244 1
0.1240000000 0.1793903056 0
0.1240000000 0.3351389503 1
0.1240000000 0.2347876547 0
0.1240000000 0.2411635244 1
0.1240000000 0.1793903056 0
0.1240000000 0.3351389503 1
0.1240000000 0.2347876547 0
0.1240000000 0.2411635244 1
0.1240000000 0.1793903056 0
0.1240000000 0.3351389503 1
0.1240000000 0.2347876547 0
0.1240000000 0.2411635244 1
0.1240000000 0.1793903056 0
0.1240000000 0.3351389503 1
0.1240000000 0.2347876547 0
0.1240000000 0.2411635244 1
0.1240000000 0.1793903056 0
0.1240000000 0.3351389503 1
0.1240000000 0.2347876547 0
0.1240000000 0.2411635244 1
0.1240000000 0.1793903056 0
0.1240000000 0.3351389503 1
0.1240000000 0.2347876547 0
0.1240000000 0.2411635244 1
0.1240000000 0.1793903056 0
0.1240000000 0.3351389503 1
0.1240000000 0.2347876547 0
0.1240000000 0.2411635244 1
0.1240000000 0.1793903056 0
0.1240000000 0.3351389503 1
0.1240000000 0.2347876547 0
0.1240000000 0.2411635244 1
0.1240000000 0.1793903056 0
0.1240000000 0.3351389503 1
0.1240000000 0.2347876547 0
0.1240000000 0.2411635244 1
0.1240000000 0.1793903056 0
0.1240000000 0.3351389503 1
0.1240000000 0.2347876547 0
0.1240000000 0.2411635244 1
0.1240000000 0.1793903056 0
0.1240000000 0.3351389503 1
0.1240000000 0.2347876547 0
0.1240000000 0.2411635244 1
0.1240000000 0.1793903056 0
0.1240000000 0.3351389503 1
0.1240000000 0.2347876547 0
0.1240000000 0.2411635244 1
0.1240000000 0.1793903056 0
0.1240000000 0.3351389503 1
0.1240000000 0.2347876547 0
0.1240000000 0.2411635244 1
0.1240000000 0.1793903056 0
0.1240000000 0.3351389503 1
0.1240000000 0.2347876547 0
0.1240000000 0.2411635244 1
0.1240000000 0.1793903056 0
0.1240000000 0.3351389503 1
0.1240000000 0.2347876547 0
0.1240000000 0.2411635244 1
0.1240000000 0.1793903056 0
0.1240000000 0.3351389503 1
0.1240000000 0.2347876547 0
0.1240000000 0.2411635244 1
0.1240000000 0.1793903056 0
0.1240000000 0.3351389503 1
0.1240000000 0.2347876547 0
0.1240000000 0.2411635244 1
0.1240000000 0.1793903056 0
0.1240000000 0.3351389503 1
0.1240000000 0.2347876547 0
0.1240000000 0.2411635244 1
0.1240000000 0.1793903056 0
0.1240000000 0.3351389503 1
0.1240000000 0.2347876547 0
0.1240000000 0.2411635244 1
0.1240000000 0.1793903056 0
0.1240000000 0.3351389503 1
0.1240000000 0.2347876547 0
0.1240000000 0.2411635244 1
0.1240000000 0.1793903056 0
0.1240000000 0.3351389503 1
0.1240000000 0.2347876547 0
0.1240000000 0.2411635244 1
0.1240000000 0.1793903056 0
0.1240000000 0.3351389503 1
0.1240000000 0.2347876547 0
0.1240000000 0.2411635244 1
0.1240000000 0.1793903056 0
0.1240000000 0.3351389503 1
0.1240000000 0.2347876547 0
0.1240000000 0.2411635244 1
0.1240000000 0.1793903056 0
0.1250000000 0.3233595300 1
0.1250000000 0.2281537051 0
0.1250000000 0.2602298976 1
0.1250000000 0.1910454876 0
0.1250000000 0.3233595300 1
0.1250000000 0.2281537051 0
0.1250000000 0.2602298976 1
0.1250000000 0.1910454876 0
0.1250000000 0.3233595300 1
0.1250000000 0.2281537051 0
0.1250000000 0.2602298976 1
0.1250000000 0.1910454876 0
0.1250000000 0.3233595300 1
0.1250000000 0.2281537051 0
0.1250000000 0.2602298976 1
0.1250000000 0.1910454876 0
0.1250000000 0.3233595300 1
0.1250000000 0.2281537051 0
0.1250000000 0.2602298976 1
0.1250000000 0.1910454876 0
0.1250000000 0.3233595300 1
0.1250000000 0.2281537051 0
0.1250000000 0.2602298976 1
0.1250000000 0.1910454876 0
0.1250000000 0.3233595300 1
0.1250000000 0.2281537051 0
0.1250000000 0.2602298976 1
0.1250000000 0.1910454876 0
0.1250000000 0.3233595300 1
0.1250000000 0.2281537051 0
0.1250000000 0.2602298976 1
0.1250000000 0.1910454876 0
0.1250000000 0.3233595300 1
0.1250000000 0.2281537051 0
0.1250000000 0.2602298976 1
0.1250000000 0.1910454876 0
0.1250000000 0.3233595300 1
0.1250000000 0.2281537051 0
0.1250000000 0.2602298976 1
0.1250000000 0.1910454876 0
0.1250000000 0.3233595300 1
0.1250000000 0.2281537051 0
0.1250000000 0.2602298976 1
0.1250000000 0.1910454876 0
0.1250000000 0.3233595300 1
0.1250000000 0.2281537051 0
0.1250000000 0.2602298976 1
0.1250000000 0.1910454876 0
0.1250000000 0.3233595300 1
0.1250000000 0.2281537051 0
0.1250000000 0.2602298976 1
0.1250000000 0.1910454876 0
0.1250000000 0.3233595300 1
0.1250000000 0.2281537051 0
0.1250000000 0.2602298976 1
0.1250000000 0.1910454876 0
0.1250000000 0.3233595300 1
0.1250000000 0.2281537051 0
0.1250000000 0.2602298976 1
0.1250000000 0.1910454876 0
0.1250000000 0.3233595300 1
0.1250000000 0.2281537051 0
0.1250000000 0.2602298976 1
0.1250000000 0.1910454876 0
0.1250000000 0.3233595300 1
0.1250000000 0.2281537051 0
0.1250000000 0.2602298976 1
0.1250000000 0.1910454876 0
0.1250000000 0.3233595300 1
0.1250000000 0.2281537051 0
0.1250000000 0.2602298976 1
0.1250000000 0.1910454876 0
0.1250000000 0.3233595300 1
0.1250000000 0.2281537051 0
0.1250000000 0.2602298976 1
0.1250000000 0.1910454876 0
0.1250000000 0.3233595300 1
0.1250000000 0.2281537051 0
0.1250000000 0.2602298976 1
0.1250000000 0.1910454876 0
0.1250000000 0.3233595300 1
0.1250000000 0.2281537051 0
0.1250000000 0.2602298976 1
0.1250000000 0.1910454876 0
0.1250000000 0.3233595300 1
0.1250000000 0.2281537051 0
0.1250000000 0.2602298976 1
0.1250000000 0.1910454876 0
0.1250000000 0.3233595300 1
0.1250000000 0.2281537051 0
0.1250000000 0.2602298976 1
0.1250000000 0.1910454876 0
0.1250000000 0.3233595300 1
0.1250000000 0.2281537051 0
0.1250000000 0.2602298976 1
0.1250000000 0.1910454876 0
0.1250000000 0.3233595300 1
0.1250000000 0.2281537051 0
0.1250000000 0.2602298976 1
0.1250000000 0.1910454876 0
0.1260000000 0.2961478194 1
0.1260000000 0.2119875284 0
0.1260000000 0.2945495957 1
0.1260000000 0.2110565101 0
0.1260000000 0.2961294316 1
0.1260000000 0.2119768827 0
0.1260000000 0.2945677919 1
0.1260000000 0.2110671743 0
0.1260000000 0.2961114667 1
0.1260000000 0.2119664803 0
0.1260000000 0.2945855692 1
0.1260000000 0.2110775917 0
0.1260000000 0.2960939148 1
0.1260000000 0.2119563156 0
0.1260000000 0.2946029374 1
0.1260000000 0.2110877680 0
0.1260000000 0.2960767662 1
0.1260000000 0.2119463832 0
0.1260000000 0.2946199062 1
0.1260000000 0.2110977089 0
0.1260000000 0.2960600116 1
0.1260000000 0.2119366776 0
0.1260000000 0.2946364848 1
0.1260000000 0.2111074200 0
0.1260000000 0.2960436417 1
0.1260000000 0.2119271937 0
0.1260000000 0.2946526823 1
0.1260000000 0.2111169067 0
0.1260000000 0.2960276478 1
0.1260000000 0.2119179264 0
0.1260000000 0.2946685076 1
0.1260000000 0.2111261743 0
0.1260000000 0.2960120209 1
0.1260000000 0.2119088706 0
0.1260000000 0.2946839693 1
0.1260000000 0.2111352279 0
0.1260000000 0.2959967527 1
0.1260000000 0.2119000216 0
0.1260000000 0.2946990759 1
0.1260000000 0.2111440725 0
0.1260000000 0.2959818347 1
0.1260000000 0.2118913746 0
0.1260000000 0.2947138356 1
0.1260000000 0.2111527131 0
0.1260000000 0.2959672589 1
0.1260000000 0.2118829249 0
0.1260000000 0.2947282565 1
0.1260000000 0.2111611544 0
0.1260000000 0.2959530174 1
0.1260000000 0.2118746681 0
0.1260000000 0.2947423465 1
0.1260000000 0.2111694010 0
0.1260000000 0.2959391024 1
0.1260000000 0.2118665997 0
0.1260000000 0.2947561132 1
0.1260000000 0.2111774576 0
0.1260000000 0.2959255064 1
0.1260000000 0.2118587154 0
0.1260000000 0.2947695640 1
0.1260000000 0.2111853286 0
0.1260000000 0.2959122219 1
0.1260000000 0.2118510109 0
0.1260000000 0.2947827064 1
0.1260000000 0.2111930183 0
0.1260000000 0.2958992419 1
0.1260000000 0.2118434822 0
0.1260000000 0.2947955473 1
0.1260000000 0.2112005308 0
0.1260000000 0.2958865592 1
0.1260000000 0.2118361253 0
0.1260000000 0.2948080939 1
0.1260000000 0.2112078705 0
0.1260000000 0.2958741671 1
0.1260000000 0.2118289362 0
0.1260000000 0.2948203529 1
0.1260000000 0.2112150412 0
0.1260000000 0.2958620588 1
0.1260000000 0.2118219110 0
0.1260000000 0.2948323310 1
0.1260000000 0.2112220470 0
0.1260000000 0.2958502277 1
0.1260000000 0.2118150461 0
0.1260000000 0.2948440345 1
0.1260000000 0.2112288916 0
0.1260000000 0.2958386675 1
0.1260000000 0.2118083377 0
0.1260000000 0.2948554699 1
0.1260000000 0.2112355787 0
0.1260000000 0.2958273720 1
0.1260000000 0.2118017824 0
0.1260000000 0.2948666434 1
0.1260000000 0.2112421122 0
0.1260000000 0.2958163350 1
0.1260000000 0.2117953765 0
0.1260000000 0.2948775610 1
0.1260000000 0.2112484954 0
0.1260000000 0.2958055506 1
0.1260000000 0.2117891167 0
0.1260000000 0.2948882285 1
0.1260000000 0.2112547320 0
0.1270000000 0.2984903708 1
0.1270000000 0.2109273967 0
0.1270000000 0.2984903702 1
0.1270000000 0.2109273964 0
0.1270000000 0.2984903708 1
0.1270000000 0.2109273967 0
0.1270000000 0.2984903703 1
0.1270000000 0.2109273964 0
0.1270000000 0.2984903707 1
0.1270000000 0.2109273967 0
0.1270000000 0.2984903703 1
0.1270000000 0.2109273964 0
0.1270000000 0.2984903707 1
0.1270000000 0.2109273967 0
0.1270000000 0.2984903703 1
0.1270000000 0.2109273965 0
0.1270000000 0.2984903707 1
0.1270000000 0.2109273966 0
0.1270000000 0.2984903704 1
0.1270000000 0.2109273965 0
0.1270000000 0.2984903706 1
0.1270000000 0.2109273966 0
0.1270000000 0.2984903704 1
0.1270000000 0.2109273965 0
0.1270000000 0.2984903706 1
0.1270000000 0.2109273966 0
0.1270000000 0.2984903704 1
0.1270000000 0.2109273965 0
0.1270000000 0.2984903706 1
0.1270000000 0.2109273966 0
0.1270000000 0.2984903704 1
0.1270000000 0.2109273965 0
0.1270000000 0.2984903706 1
0.1270000000 0.2109273966 0
0.1270000000 0.2984903704 1
0.1270000000 0.2109273965 0
0.1270000000 0.2984903706 1
0.1270000000 0.2109273966 0
0.1270000000 0.2984903704 1
0.1270000000 0.2109273965 0
0.1270000000 0.2984903706 1
0.1270000000 0.2109273966 0
0.1270000000 0.2984903704 1
0.1270000000 0.2109273965 0
0.1270000000 0.2984903706 1
0.1270000000 0.2109273966 0
0.1270000000 0.2984903705 1
0.1270000000 0.2109273965 0
0.1270000000 0.2984903706 1
0.1270000000 0.2109273966 0
0.1270000000 0.2984903705 1
0.1270000000 0.2109273965 0
0.1270000000 0.2984903706 1
0.1270000000 0.2109273966 0
0.1270000000 0.2984903705 1
0.1270000000 0.2109273965 0
0.1270000000 0.2984903705 1
0.1270000000 0.2109273966 0
0.1270000000 0.2984903705 1
0.1270000000 0.2109273965 0
0.1270000000 0.2984903705 1
0.1270000000 0.2109273966 0
0.1270000000 0.2984903705 1
0.1270000000 0.2109273965 0
0.1270000000 0.2984903705 1
0.1270000000 0.2109273966 0
0.1270000000 0.2984903705 1
0.1270000000 0.2109273965 0
0.1270000000 0.2984903705 1
0.1270000000 0.2109273966 0
0.1270000000 0.2984903705 1
0.1270000000 0.2109273965 0
0.1270000000 0.2984903705 1
0.1270000000 0.2109273966 0
0.1270000000 0.2984903705 1
0.1270000000 0.2109273965 0
0.1270000000 0.2984903705 1
0.1270000000 0.2109273966 0
0.1270000000 0.2984903705 1
0.1270000000 0.2109273965 0
0.1270000000 0.2984903705 1
0.1270000000 0.2109273966 0
0.1270000000 0.2984903705 1
0.1270000000 0.2109273965 0
0.1270000000 0.2984903705 1
0.1270000000 0.2109273966 0
0.1270000000 0.2984903705 1
0.1270000000 0.2109273965 0
0.1270000000 0.2984903705 1
0.1270000000 0.2109273966 0
0.1270000000 0.2984903705 1
0.1270000000 0.2109273965 0
0.1270000000 0.2984903705 1
0.1270000000 0.2109273966 0
0.1270000000 0.2984903705 1
0.1270000000 0.2109273965 0
0.1270000000 0.2984903705 1
0.1270000000 0.2109273966 0
0.1270000000 0.2984903705 1
0.1270000000 0.2109273965 0
0.1280000000 0.3016508040 1
0.1280000000 0.2102861763 0
0.1280000000 0.3016508040 1
0.1280000000 0.2102861763 0
0.1280000000 0.3016508040 1
0.1280000000 0.2102861763 0
0.1280000000 0.3016508040 1
0.1280000000 0.2102861763 0
0.1280000000 0.3016508040 1
0.1280000000 0.2102861763 0
0.1280000000 0.3016508040 1
0.1280000000 0.2102861763 0
0.1280000000 0.3016508040 1
0.1280000000 0.2102861763 0
0.1280000000 0.3016508040 1
0.1280000000 0.2102861763 0
0.1280000000 0.3016508040 1
0.1280000000 0.2102861763 0
0.1280000000 0.3016508040 1
0.1280000000 0.2102861763 0
0.1280000000 0.3016508040 1
0.1280000000 0.2102861763 0
0.1280000000 0.3016508040 1
0.1280000000 0.2102861763 0
0.1280000000 0.3016508040 1
0.1280000000 0.2102861763 0
0.1280000000 0.3016508040 1
0.1280000000 0.2102861763 0
0.1280000000 0.3016508040 1
0.1280000000 0.2102861763 0
0.1280000000 0.3016508040 1
0.1280000000 0.2102861763 0
0.1280000000 0.3016508040 1
0.1280000000 0.2102861763 0
0.1280000000 0.3016508040 1
0.1280000000 0.2102861763 0
0.1280000000 0.3016508040 1
0.1280000000 0.2102861763 0
0.1280000000 0.3016508040 1
0.1280000000 0.2102861763 0
0.1280000000 0.3016508040 1
0.1280000000 0.2102861763 0
0.1280000000 0.3016508040 1
0.1280000000 0.2102861763 0
0.1280000000 0.3016508040 1
0.1280000000 0.2102861763 0
0.1280000000 0.3016508040 1
0.1280000000 0.2102861763 0
0.1280000000 0.3016508040 1
0.1280000000 0.2102861763 0
0.1280000000 0.3016508040 1
0.1280000000 0.2102861763 0
0.1280000000 0.3016508040 1
0.1280000000 0.2102861763 0
0.1280000000 0.3016508040 1
0.1280000000 0.2102861763 0
0.1280000000 0.3016508040 1
0.1280000000 0.2102861763 0
0.1280000000 0.3016508040 1
0.1280000000 0.2102861763 0
0.1280000000 0.3016508040 1
0.1280000000 0.2102861763 0
0.1280000000 0.3016508040 1
0.1280000000 0.2102861763 0
0.1280000000 0.3016508040 1
0.1280000000 0.2102861763 0
0.1280000000 0.3016508040 1
0.1280000000 0.2102861763 0
0.1280000000 0.3016508040 1
0.1280000000 0.2102861763 0
0.1280000000 0.3016508040 1
0.1280000000 0.2102861763 0
0.1280000000 0.3016508040 1
0.1280000000 0.2102861763 0
0.1280000000 0.3016508040 1
0.1280000000 0.2102861763 0
0.1280000000 0.3016508040 1
0.1280000000 0.2102861763 0
0.1280000000 0.3016508040 1
0.1280000000 0.2102861763 0
0.1280000000 0.3016508040 1
0.1280000000 0.2102861763 0
0.1280000000 0.3016508040 1
0.1280000000 0.2102861763 0
0.1280000000 0.3016508040 1
0.1280000000 0.2102861763 0
0.1280000000 0.3016508040 1
0.1280000000 0.2102861763 0
0.1280000000 0.3016508040 1
0.1280000000 0.2102861763 0
0.1280000000 0.3016508040 1
0.1280000000 0.2102861763 0
0.1280000000 0.3016508040 1
0.1280000000 0.2102861763 0
0.1280000000 0.3016508040 1
0.1280000000 0.2102861763 0
0.1280000000 0.3016508040 1
0.1280000000 0.2102861763 0
0.1280000000 0.3016508040 1
0.1280000000 0.2102861763 0
0.1290000000 0.3048266116 1
0.1290000000 0.2095942130 0
0.1290000000 0.3048266116 1
0.1290000000 0.2095942130 0
0.1290000000 0.3048266116 1
0.1290000000 0.2095942130 0
0.1290000000 0.3048266116 1
0.1290000000 0.2095942130 0
0.1290000000 0.3048266116 1
0.1290000000 0.2095942130 0
0.1290000000 0.3048266116 1
0.1290000000 0.2095942130 0
0.1290000000 0.3048266116 1
0.1290000000 0.2095942130 0
0.1290000000 0.3048266116 1
0.1290000000 0.2095942130 0
0.1290000000 0.3048266116 1
0.1290000000 0.2095942130 0
0.1290000000 0.3048266116 1
0.1290000000 0.2095942130 0
0.1290000000 0.3048266116 1
0.1290000000 0.2095942130 0
0.1290000000 0.3048266116 1
0.1290000000 0.2095942130 0
0.1290000000 0.3048266116 1
0.1290000000 0.2095942130 0
0.1290000000 0.3048266116 1
0.1290000000 0.2095942130 0
0.1290000000 0.3048266116 1
0.1290000000 0.2095942130 0
0.1290000000 0.3048266116 1
0.1290000000 0.2095942130 0
0.1290000000 0.3048266116 1
0.1290000000 0.2095942130 0
0.1290000000 0.3048266116 1
0.1290000000 0.2095942130 0
0.1290000000 0.3048266116 1
0.1290000000 0.2095942130 0
0.1290000000 0.3048266116 1
0.1290000000 0.2095942130 0
0.1290000000 0.3048266116 1
0.1290000000 0.2095942130 0
0.1290000000 0.3048266116 1
0.1290000000 0.2095942130 0
0.1290000000 0.3048266116 1
0.1290000000 0.2095942130 0
0.1290000000 0.3048266116 1
0.1290000000 0.2095942130 0
0.1290000000 0.3048266116 1
0.1290000000 0.2095942130 0
0.1290000000 0.3048266116 1
0.1290000000 0.2095942130 0
0.1290000000 0.3048266116 1
0.1290000000 0.2095942130 0
0.1290000000 0.3048266116 1
0.1290000000 0.2095942130 0
0.1290000000 0.3048266116 1
0.1290000000 0.2095942130 0
0.1290000000 0.3048266116 1
0.1290000000 0.2095942130 0
0.1290000000 0.3048266116 1
0.1290000000 0.2095942130 0
0.1290000000 0.3048266116 1
0.1290000000 0.2095942130 0
0.1290000000 0.3048266116 1
0.1290000000 0.2095942130 0
0.1290000000 0.3048266116 1
0.1290000000 0.2095942130 0
0.1290000000 0.3048266116 1
0.1290000000 0.2095942130 0
0.1290000000 0.3048266116 1
0.1290000000 0.2095942130 0
0.1290000000 0.3048266116 1
0.1290000000 0.2095942130 0
0.1290000000 0.3048266116 1
0.1290000000 0.2095942130 0
0.1290000000 0.3048266116 1
0.1290000000 0.2095942130 0
0.1290000000 0.3048266116 1
0.1290000000 0.2095942130 0
0.1290000000 0.3048266116 1
0.1290000000 0.2095942130 0
0.1290000000 0.3048266116 1
0.1290000000 0.2095942130 0
0.1290000000 0.3048266116 1
0.1290000000 0.2095942130 0
0.1290000000 0.3048266116 1
0.1290000000 0.2095942130 0
0.1290000000 0.3048266116 1
0.1290000000 0.2095942130 0
0.1290000000 0.3048266116 1
0.1290000000 0.2095942130 0
0.1290000000 0.3048266116 1
0.1290000000 0.2095942130 0
0.1290000000 0.3048266116 1
0.1290000000 0.2095942130 0
0.1290000000 0.3048266116 1
0.1290000000 0.2095942130 0
0.1290000000 0.3048266116 1
0.1290000000 0.2095942130 0
0.1300000000 0.3080189055 1
0.1300000000 0.2088481109 0
0.1300000000 0.3080189055 1
0.1300000000 0.2088481109 0
0.1300000000 0.3080189055 1
0.1300000000 0.2088481109 0
0.1300000000 0.3080189055 1
0.1300000000 0.2088481109 0
0.1300000000 0.3080189055 1
0.1300000000 0.2088481109 0
0.1300000000 0.3080189055 1
0.1300000000 0.2088481109 0
0.1300000000 0.3080189055 1
0.1300000000 0.2088481109 0
0.1300000000 0.3080189055 1
0.1300000000 0.2088481109 0
0.1300000000 0.3080189055 1
0.1300000000 0.2088481109 0
0.1300000000 0.3080189055 1
0.1300000000 0.2088481109 0
0.1300000000 0.3080189055 1
0.1300000000 0.2088481109 0
0.1300000000 0.3080189055 1
0.1300000000 0.2088481109 0
0.1300000000 0.3080189055 1
0.1300000000 0.2088481109 0
0.1300000000 0.3080189055 1
0.1300000000 0.2088481109 0
0.1300000000 0.3080189055 1
0.1300000000 0.2088481109 0
0.1300000000 0.3080189055 1
0.1300000000 0.2088481109 0
0.1300000000 0.3080189055 1
0.1300000000 0.2088481109 0
0.1300000000 0.3080189055 1
0.1300000000 0.2088481109 0
0.1300000000 0.3080189055 1
0.1300000000 0.2088481109 0
0.1300000000 0.3080189055 1
0.1300000000 0.2088481109 0
0.1300000000 0.3080189055 1
0.1300000000 0.2088481109 0
0.1300000000 0.3080189055 1
0.1300000000 0.2088481109 0
0.1300000000 0.3080189055 1
0.1300000000 0.2088481109 0
0.1300000000 0.3080189055 1
0.1300000000 0.2088481109 0
0.1300000000 0.3080189055 1
0.1300000000 0.2088481109 0
0.1300000000 0.3080189055 1
0.1300000000 0.2088481109 0
0.1300000000 0.3080189055 1
0.1300000000 0.2088481109 0
0.1300000000 0.3080189055 1
0.1300000000 0.2088481109 0
0.1300000000 0.3080189055 1
0.1300000000 0.2088481109 0
0.1300000000 0.3080189055 1
0.1300000000 0.2088481109 0
0.1300000000 0.3080189055 1
0.1300000000 0.2088481109 0
0.1300000000 0.3080189055 1
0.1300000000 0.2088481109 0
0.1300000000 0.3080189055 1
0.1300000000 0.2088481109 0
0.1300000000 0.3080189055 1
0.1300000000 0.2088481109 0
0.1300000000 0.3080189055 1
0.1300000000 0.2088481109 0
0.1300000000 0.3080189055 1
0.1300000000 0.2088481109 0
0.1300000000 0.3080189055 1
0.1300000000 0.2088481109 0
0.1300000000 0.3080189055 1
0.1300000000 0.2088481109 0
0.1300000000 0.3080189055 1
0.1300000000 0.2088481109 0
0.1300000000 0.3080189055 1
0.1300000000 0.2088481109 0
0.1300000000 0.3080189055 1
0.1300000000 0.2088481109 0
0.1300000000 0.3080189055 1
0.1300000000 0.2088481109 0
0.1300000000 0.3080189055 1
0.1300000000 0.2088481109 0
0.1300000000 0.3080189055 1
0.1300000000 0.2088481109 0
0.1300000000 0.3080189055 1
0.1300000000 0.2088481109 0
0.1300000000 0.3080189055 1
0.1300000000 0.2088481109 0
0.1300000000 0.3080189055 1
0.1300000000 0.2088481109 0
0.1300000000 0.3080189055 1
0.1300000000 0.2088481109 0
0.1300000000 0.3080189055 1
0.1300000000 0.2088481109 0
0.1300000000 0.3080189055 1
0.1300000000 0.2088481109 0
0.1310000000 0.3112289374 1
0.1310000000 0.2080440372 0
0.1310000000 0.3112289374 1
0.1310000000 0.2080440372 0
0.1310000000 0.3112289374 1
0.1310000000 0.2080440372 0
0.1310000000 0.3112289374 1
0.1310000000 0.2080440372 0
0.1310000000 0.3112289374 1
0.1310000000 0.2080440372 0
0.1310000000 0.3112289374 1
0.1310000000 0.2080440372 0
0.1310000000 0.3112289374 1
0.1310000000 0.2080440372 0
0.1310000000 0.3112289374 1
0.1310000000 0.2080440372 0
0.1310000000 0.3112289374 1
0.1310000000 0.2080440372 0
0.1310000000 0.3112289374 1
0.1310000000 0.2080440372 0
0.1310000000 0.3112289374 1
0.1310000000 0.2080440372 0
0.1310000000 0.3112289374 1
0.1310000000 0.2080440372 0
0.1310000000 0.3112289374 1
0.1310000000 0.2080440372 0
0.1310000000 0.3112289374 1
0.1310000000 0.2080440372 0
0.1310000000 0.3112289374 1
0.1310000000 0.2080440372 0
0.1310000000 0.3112289374 1
0.1310000000 0.2080440372 0
0.1310000000 0.3112289374 1
0.1310000000 0.2080440372 0
0.1310000000 0.3112289374 1
0.1310000000 0.2080440372 0
0.1310000000 0.3112289374 1
0.1310000000 0.2080440372 0
0.1310000000 0.3112289374 1
0.1310000000 0.2080440372 0
0.1310000000 0.3112289374 1
0.1310000000 0.2080440372 0
0.1310000000 0.3112289374 1
0.1310000000 0.2080440372 0
0.1310000000 0.3112289374 1
0.1310000000 0.2080440372 0
0.1310000000 0.3112289374 1
0.1310000000 0.2080440372 0
0.1310000000 0.3112289374 1
0.1310000000 0.2080440372 0
0.1310000000 0.3112289374 1
0.1310000000 0.2080440372 0
0.1310000000 0.3112289374 1
0.1310000000 0.2080440372 0
0.1310000000 0.3112289374 1
0.1310000000 0.2080440372 0
0.1310000000 0.3112289374 1
0.1310000000 0.2080440372 0
0.1310000000 0.3112289374 1
0.1310000000 0.2080440372 0
0.1310000000 0.3112289374 1
0.1310000000 0.2080440372 0
0.1310000000 0.3112289374 1
0.1310000000 0.2080440372 0
0.1310000000 0.3112289374 1
0.1310000000 0.2080440372 0
0.1310000000 0.3112289374 1
0.1310000000 0.2080440372 0
0.1310000000 0.3112289374 1
0.1310000000 0.2080440372 0
0.1310000000 0.3112289374 1
0.1310000000 0.2080440372 0
0.1310000000 0.3112289374 1
0.1310000000 0.2080440372 0
0.1310000000 0.3112289374 1
0.1310000000 0.2080440372 0
0.1310000000 0.3112289374 1
0.1310000000 0.2080440372 0
0.1310000000 0.3112289374 1
0.1310000000 0.2080440372 0
0.1310000000 0.3112289374 1
0.1310000000 0.2080440372 0
0.1310000000 0.3112289374 1
0.1310000000 0.2080440372 0
0.1310000000 0.3112289374 1
0.1310000000 0.2080440372 0
0.1310000000 0.3112289374 1
0.1310000000 0.2080440372 0
0.1310000000 0.3112289374 1
0.1310000000 0.2080440372 0
0.1310000000 0.3112289374 1
0.1310000000 0.2080440372 0
0.1310000000 0.3112289374 1
0.1310000000 0.2080440372 0
0.1310000000 0.3112289374 1
0.1310000000 0.2080440372 0
0.1310000000 0.3112289374 1
0.1310000000 0.2080440372 0
0.1310000000 0.3112289374 1
0.1310000000 0.2080440372 0
0.1320000000 0.3144581248 1
0.1320000000 0.2071776391 0
0.1320000000 0.3144581248 1
0.1320000000 0.2071776391 0
0.1320000000 0.3144581248 1
0.1320000000 0.2071776391 0
0.1320000000 0.3144581248 1
0.1320000000 0.2071776391 0
0.1320000000 0.3144581248 1
0.1320000000 0.2071776391 0
0.1320000000 0.3144581248 1
0.1320000000 0.2071776391 0
0.1320000000 0.3144581248 1
0.1320000000 0.2071776391 0
0.1320000000 0.3144581248 1
0.1320000000 0.2071776391 0
0.1320000000 0.3144581248 1
0.1320000000 0.2071776391 0
0.1320000000 0.3144581248 1
0.1320000000 0.2071776391 0
0.1320000000 0.3144581248 1
0.1320000000 0.2071776391 0
0.1320000000 0.3144581248 1
0.1320000000 0.2071776391 0
0.1320000000 0.3144581248 1
0.1320000000 0.2071776391 0
0.1320000000 0.3144581248 1
0.1320000000 0.2071776391 0
0.1320000000 0.3144581248 1
0.1320000000 0.2071776391 0
0.1320000000 0.3144581248 1
0.1320000000 0.2071776391 0
0.1320000000 0.3144581248 1
0.1320000000 0.2071776391 0
0.1320000000 0.3144581248 1
0.1320000000 0.2071776391 0
0.1320000000 0.3144581248 1
0.1320000000 0.2071776391 0
0.1320000000 0.3144581248 1
0.1320000000 0.2071776391 0
0.1320000000 0.3144581248 1
0.1320000000 0.2071776391 0
0.1320000000 0.3144581248 1
0.1320000000 0.2071776391 0
0.1320000000 0.3144581248 1
0.1320000000 0.2071776391 0
0.1320000000 0.3144581248 1
0.1320000000 0.2071776391 0
0.1320000000 0.3144581248 1
0.1320000000 0.2071776391 0
0.1320000000 0.3144581248 1
0.1320000000 0.2071776391 0
0.1320000000 0.3144581248 1
0.1320000000 0.2071776391 0
0.1320000000 0.3144581248 1
0.1320000000 0.2071776391 0
0.1320000000 0.3144581248 1
0.1320000000 0.2071776391 0
0.1320000000 0.3144581248 1
0.1320000000 0.2071776391 0
0.1320000000 0.3144581248 1
0.1320000000 0.2071776391 0
0.1320000000 0.3144581248 1
0.1320000000 0.2071776391 0
0.1320000000 0.3144581248 1
0.1320000000 0.2071776391 0
0.1320000000 0.3144581248 1
0.1320000000 0.2071776391 0
0.1320000000 0.3144581248 1
0.1320000000 0.2071776391 0
0.1320000000 0.3144581248 1
0.1320000000 0.2071776391 0
0.1320000000 0.3144581248 1
0.1320000000 0.2071776391 0
0.1320000000 0.3144581248 1
0.1320000000 0.2071776391 0
0.1320000000 0.3144581248 1
0.1320000000 0.2071776391 0
0.1320000000 0.3144581248 1
0.1320000000 0.2071776391 0
0.1320000000 0.3144581248 1
0.1320000000 0.2071776391 0
0.1320000000 0.3144581248 1
0.1320000000 0.2071776391 0
0.1320000000 0.3144581248 1
0.1320000000 0.2071776391 0
0.1320000000 0.3144581248 1
0.1320000000 0.2071776391 0
0.1320000000 0.3144581248 1
0.1320000000 0.2071776391 0
0.1320000000 0.3144581248 1
0.1320000000 0.2071776391 0
0.1320000000 0.3144581248 1
0.1320000000 0.2071776391 0
0.1320000000 0.3144581248 1
0.1320000000 0.2071776391 0
0.1320000000 0.3144581248 1
0.1320000000 0.2071776391 0
0.1320000000 0.3144581248 1
0.1320000000 0.2071776391 0
0.1330000000 0.3177080848 1
0.1330000000 0.2062439398 0
0.1330000000 0.3177080848 1
0.1330000000 0.2062439398 0
0.1330000000 0.3177080848 1
0.1330000000 0.2062439398 0
0.1330000000 0.3177080848 1
0.1330000000 0.2062439398 0
0.1330000000 0.3177080848 1
0.1330000000 0.2062439398 0
0.1330000000 0.3177080848 1
0.1330000000 0.2062439398 0
0.1330000000 0.3177080848 1
0.1330000000 0.2062439398 0
0.1330000000 0.3177080848 1
0.1330000000 0.2062439398 0
0.1330000000 0.3177080848 1
0.1330000000 0.2062439398 0
0.1330000000 0.3177080848 1
0.1330000000 0.2062439398 0
0.1330000000 0.3177080848 1
0.1330000000 0.2062439398 0
0.1330000000 0.3177080848 1
0.1330000000 0.2062439398 0
0.1330000000 0.3177080848 1
0.1330000000 0.2062439398 0
0.1330000000 0.3177080848 1
0.1330000000 0.2062439398 0
0.1330000000 0.3177080848 1
0.1330000000 0.2062439398 0
0.1330000000 0.3177080848 1
0.1330000000 0.2062439398 0
0.1330000000 0.3177080848 1
0.1330000000 0.2062439398 0
0.1330000000 0.3177080848 1
0.1330000000 0.2062439398 0
0.1330000000 0.3177080848 1
0.1330000000 0.2062439398 0
0.1330000000 0.3177080848 1
0.1330000000 0.2062439398 0
0.1330000000 0.3177080848 1
0.1330000000 0.2062439398 0
0.1330000000 0.3177080848 1
0.1330000000 0.2062439398 0
0.1330000000 0.3177080848 1
0.1330000000 0.2062439398 0
0.1330000000 0.3177080848 1
0.1330000000 0.2062439398 0
0.1330000000 0.3177080848 1
0.1330000000 0.2062439398 0
0.1330000000 0.3177080848 1
0.1330000000 0.2062439398 0
0.1330000000 0.3177080848 1
0.1330000000 0.2062439398 0
0.1330000000 0.3177080848 1
0.1330000000 0.2062439398 0
0.1330000000 0.3177080848 1
0.1330000000 0.2062439398 0
0.1330000000 0.3177080848 1
0.1330000000 0.2062439398 0
0.1330000000 0.3177080848 1
0.1330000000 0.2062439398 0
0.1330000000 0.3177080848 1
0.1330000000 0.2062439398 0
0.1330000000 0.3177080848 1
0.1330000000 0.2062439398 0
0.1330000000 0.3177080848 1
0.1330000000 0.2062439398 0
0.1330000000 0.3177080848 1
0.1330000000 0.2062439398 0
0.1330000000 0.3177080848 1
0.1330000000 0.2062439398 0
0.1330000000 0.3177080848 1
0.1330000000 0.2062439398 0
0.1330000000 0.3177080848 1
0.1330000000 0.2062439398 0
0.1330000000 0.3177080848 1
0.1330000000 0.2062439398 0
0.1330000000 0.3177080848 1
0.1330000000 0.2062439398 0
0.1330000000 0.3177080848 1
0.1330000000 0.2062439398 0
0.1330000000 0.3177080848 1
0.1330000000 0.2062439398 0
0.1330000000 0.3177080848 1
0.1330000000 0.2062439398 0
0.1330000000 0.3177080848 1
0.1330000000 0.2062439398 0
0.1330000000 0.3177080848 1
0.1330000000 0.2062439398 0
0.1330000000 0.3177080848 1
0.1330000000 0.2062439398 0
0.1330000000 0.3177080848 1
0.1330000000 0.2062439398 0
0.1330000000 0.3177080848 1
0.1330000000 0.2062439398 0
0.1330000000 0.3177080848 1
0.1330000000 0.2062439398 0
0.1330000000 0.3177080848 1
0.1330000000 0.2062439398 0
0.1340000000 0.3209806766 1
0.1340000000 0.2052372051 0
0.1340000000 0.3209806766 1
0.1340000000 0.2052372051 0
0.1340000000 0.3209806766 1
0.1340000000 0.2052372051 0
0.1340000000 0.3209806766 1
0.1340000000 0.2052372051 0
0.1340000000 0.3209806766 1
0.1340000000 0.2052372051 0
0.1340000000 0.3209806766 1
0.1340000000 0.2052372051 0
0.1340000000 0.3209806766 1
0.1340000000 0.2052372051 0
0.1340000000 0.3209806766 1
0.1340000000 0.2052372051 0
0.1340000000 0.3209806766 1
0.1340000000 0.2052372051 0
0.1340000000 0.3209806766 1
0.1340000000 0.2052372051 0
0.1340000000 0.3209806766 1
0.1340000000 0.2052372051 0
0.1340000000 0.3209806766 1
0.1340000000 0.2052372051 0
0.1340000000 0.3209806766 1
0.1340000000 0.2052372051 0
0.1340000000 0.3209806766 1
0.1340000000 0.2052372051 0
0.1340000000 0.3209806766 1
0.1340000000 0.2052372051 0
0.1340000000 0.3209806766 1
0.1340000000 0.2052372051 0
0.1340000000 0.3209806766 1
0.1340000000 0.2052372051 0
0.1340000000 0.3209806766 1
0.1340000000 0.2052372051 0
0.1340000000 0.3209806766 1
0.1340000000 0.2052372051 0
0.1340000000 0.3209806766 1
0.1340000000 0.2052372051 0
0.1340000000 0.3209806766 1
0.1340000000 0.2052372051 0
0.1340000000 0.3209806766 1
0.1340000000 0.2052372051 0
0.1340000000 0.3209806766 1
0.1340000000 0.2052372051 0
0.1340000000 0.3209806766 1
0.1340000000 0.2052372051 0
0.1340000000 0.3209806766 1
0.1340000000 0.2052372051 0
0.1340000000 0.3209806766 1
0.1340000000 0.2052372051 0
0.1340000000 0.3209806766 1
0.1340000000 0.2052372051 0
0.1340000000 0.3209806766 1
0.1340000000 0.2052372051 0
0.1340000000 0.3209806766 1
0.1340000000 0.2052372051 0
0.1340000000 0.3209806766 1
0.1340000000 0.2052372051 0
0.1340000000 0.3209806766 1
0.1340000000 0.2052372051 0
0.1340000000 0.3209806766 1
0.1340000000 0.2052372051 0
0.1340000000 0.3209806766 1
0.1340000000 0.2052372051 0
0.1340000000 0.3209806766 1
0.1340000000 0.2052372051 0
0.1340000000 0.3209806766 1
0.1340000000 0.2052372051 0
0.1340000000 0.3209806766 1
0.1340000000 0.2052372051 0
0.1340000000 0.3209806766 1
0.1340000000 0.2052372051 0
0.1340000000 0.3209806766 1
0.1340000000 0.2052372051 0
0.1340000000 0.3209806766 1
0.1340000000 0.2052372051 0
0.1340000000 0.3209806766 1
0.1340000000 0.2052372051 0
0.1340000000 0.3209806766 1
0.1340000000 0.2052372051 0
0.1340000000 0.3209806766 1
0.1340000000 0.2052372051 0
0.1340000000 0.3209806766 1
0.1340000000 0.2052372051 0
0.1340000000 0.3209806766 1
0.1340000000 0.2052372051 0
0.1340000000 0.3209806766 1
0.1340000000 0.2052372051 0
0.1340000000 0.3209806766 1
0.1340000000 0.2052372051 0
0.1340000000 0.3209806766 1
0.1340000000 0.2052372051 0
0.1340000000 0.3209806766 1
0.1340000000 0.2052372051 0
0.1340000000 0.3209806766 1
0.1340000000 0.2052372051 0
0.1340000000 0.3209806766 1
0.1340000000 0.2052372051 0
0.1350000000 0.3242780565 1
0.1350000000 0.2041507720 0
0.1350000000 0.3242780565 1
0.1350000000 0.2041507720 0
0.1350000000 0.3242780565 1
0.1350000000 0.2041507720 0
0.1350000000 0.3242780565 1
0.1350000000 0.2041507720 0
0.1350000000 0.3242780565 1
0.1350000000 0.2041507720 0
0.1350000000 0.3242780565 1
0.1350000000 0.2041507720 0
0.1350000000 0.3242780565 1
0.1350000000 0.2041507720 0
0.1350000000 0.3242780565 1
0.1350000000 0.2041507720 0
0.1350000000 0.3242780565 1
0.1350000000 0.2041507720 0
0.1350000000 0.3242780565 1
0.1350000000 0.2041507720 0
0.1350000000 0.3242780565 1
0.1350000000 0.2041507720 0
0.1350000000 0.3242780565 1
0.1350000000 0.2041507720 0
0.1350000000 0.3242780565 1
0.1350000000 0.2041507720 0
0.1350000000 0.3242780565 1
0.1350000000 0.2041507720 0
0.1350000000 0.3242780565 1
0.1350000000 0.2041507720 0
0.1350000000 0.3242780565 1
0.1350000000 0.2041507720 0
0.1350000000 0.3242780565 1
0.1350000000 0.2041507720 0
0.1350000000 0.3242780565 1
0.1350000000 0.2041507720 0
0.1350000000 0.3242780565 1
0.1350000000 0.2041507720 0
0.1350000000 0.3242780565 1
0.1350000000 0.2041507720 0
0.1350000000 0.3242780565 1
0.1350000000 0.2041507720 0
0.1350000000 0.3242780565 1
0.1350000000 0.2041507720 0
0.1350000000 0.3242780565 1
0.1350000000 0.2041507720 0
0.1350000000 0.3242780565 1
0.1350000000 0.2041507720 0
0.1350000000 0.3242780565 1
0.1350000000 0.2041507720 0
0.1350000000 0.3242780565 1
0.1350000000 0.2041507720 0
0.1350000000 0.3242780565 1
0.1350000000 0.2041507720 0
0.1350000000 0.3242780565 1
0.1350000000 0.2041507720 0
0.1350000000 0.3242780565 1
0.1350000000 0.2041507720 0
0.1350000000 0.3242780565 1
0.1350000000 0.2041507720 0
0.1350000000 0.3242780565 1
0.1350000000 0.2041507720 0
0.1350000000 0.3242780565 1
0.1350000000 0.2041507720 0
0.1350000000 0.3242780565 1
0.1350000000 0.2041507720 0
0.1350000000 0.3242780565 1
0.1350000000 0.2041507720 0
0.1350000000 0.3242780565 1
0.1350000000 0.2041507720 0
0.1350000000 0.3242780565 1
0.1350000000 0.2041507720 0
0.1350000000 0.3242780565 1
0.1350000000 0.2041507720 0
0.1350000000 0.3242780565 1
0.1350000000 0.2041507720 0
0.1350000000 0.3242780565 1
0.1350000000 0.2041507720 0
0.1350000000 0.3242780565 1
0.1350000000 0.2041507720 0
0.1350000000 0.3242780565 1
0.1350000000 0.2041507720 0
0.1350000000 0.3242780565 1
0.1350000000 0.2041507720 0
0.1350000000 0.3242780565 1
0.1350000000 0.2041507720 0
0.1350000000 0.3242780565 1
0.1350000000 0.2041507720 0
0.1350000000 0.3242780565 1
0.1350000000 0.2041507720 0
0.1350000000 0.3242780565 1
0.1350000000 0.2041507720 0
0.1350000000 0.3242780565 1
0.1350000000 0.2041507720 0
0.1350000000 0.3242780565 1
0.1350000000 0.2041507720 0
0.1350000000 0.3242780565 1
0.1350000000 0.2041507720 0
0.1350000000 0.3242780565 1
0.1350000000 0.2041507720 0
0.1360000000 0.3276027510 1
0.1360000000 0.2029768222 0
0.1360000000 0.3276027510 1
0.1360000000 0.2029768222 0
0.1360000000 0.3276027510 1
0.1360000000 0.2029768222 0
0.1360000000 0.3276027510 1
0.1360000000 0.2029768222 0
0.1360000000 0.3276027510 1
0.1360000000 0.2029768222 0
0.1360000000 0.3276027510 1
0.1360000000 0.2029768222 0
0.1360000000 0.3276027510 1
0.1360000000 0.2029768222 0
0.1360000000 0.3276027510 1
0.1360000000 0.2029768222 0
0.1360000000 0.3276027510 1
0.1360000000 0.2029768222 0
0.1360000000 0.3276027510 1
0.1360000000 0.2029768222 0
0.1360000000 0.3276027510 1
0.1360000000 0.2029768222 0
0.1360000000 0.3276027510 1
0.1360000000 0.2029768222 0
0.1360000000 0.3276027510 1
0.1360000000 0.2029768222 0
0.1360000000 0.3276027510 1
0.1360000000 0.2029768222 0
0.1360000000 0.3276027510 1
0.1360000000 0.2029768222 0
0.1360000000 0.3276027510 1
0.1360000000 0.2029768222 0
0.1360000000 0.3276027510 1
0.1360000000 0.2029768222 0
0.1360000000 0.3276027510 1
0.1360000000 0.2029768222 0
0.1360000000 0.3276027510 1
0.1360000000 0.2029768222 0
0.1360000000 0.3276027510 1
0.1360000000 0.2029768222 0
0.1360000000 0.3276027510 1
0.1360000000 0.2029768222 0
0.1360000000 0.3276027510 1
0.1360000000 0.2029768222 0
0.1360000000 0.3276027510 1
0.1360000000 0.2029768222 0
0.1360000000 0.3276027510 1
0.1360000000 0.2029768222 0
0.1360000000 0.3276027510 1
0.1360000000 0.2029768222 0
0.1360000000 0.3276027510 1
0.1360000000 0.2029768222 0
0.1360000000 0.3276027510 1
0.1360000000 0.2029768222 0
0.1360000000 0.3276027510 1
0.1360000000 0.2029768222 0
0.1360000000 0.3276027510 1
0.1360000000 0.2029768222 0
0.1360000000 0.3276027510 1
0.1360000000 0.2029768222 0
0.1360000000 0.3276027510 1
0.1360000000 0.2029768222 0
0.1360000000 0.3276027510 1
0.1360000000 0.2029768222 0
0.1360000000 0.3276027510 1
0.1360000000 0.2029768222 0
0.1360000000 0.3276027510 1
0.1360000000 0.2029768222 0
0.1360000000 0.3276027510 1
0.1360000000 0.2029768222 0
0.1360000000 0.3276027510 1
0.1360000000 0.2029768222 0
0.1360000000 0.3276027510 1
0.1360000000 0.2029768222 0
0.1360000000 0.3276027510 1
0.1360000000 0.2029768222 0
0.1360000000 0.3276027510 1
0.1360000000 0.2029768222 0
0.1360000000 0.3276027510 1
0.1360000000 0.2029768222 0
0.1360000000 0.3276027510 1
0.1360000000 0.2029768222 0
0.1360000000 0.3276027510 1
0.1360000000 0.2029768222 0
0.1360000000 0.3276027510 1
0.1360000000 0.2029768222 0
0.1360000000 0.3276027510 1
0.1360000000 0.2029768222 0
0.1360000000 0.3276027510 1
0.1360000000 0.2029768222 0
0.1360000000 0.3276027510 1
0.1360000000 0.2029768222 0
0.1360000000 0.3276027510 1
0.1360000000 0.2029768222 0
0.1360000000 0.3276027510 1
0.1360000000 0.2029768222 0
0.1360000000 0.3276027510 1
0.1360000000 0.2029768222 0
0.1360000000 0.3276027510 1
0.1360000000 0.2029768222 0
0.1370000000 0.3309577532 1
0.1370000000 0.2017060807 0
0.1370000000 0.3309577532 1
0.1370000000 0.2017060807 0
0.1370000000 0.3309577532 1
0.1370000000 0.2017060807 0
0.1370000000 0.3309577532 1
0.1370000000 0.2017060807 0
0.1370000000 0.3309577532 1
0.1370000000 0.2017060807 0
0.1370000000 0.3309577532 1
0.1370000000 0.2017060807 0
0.1370000000 0.3309577532 1
0.1370000000 0.2017060807 0
0.1370000000 0.3309577532 1
0.1370000000 0.2017060807 0
0.1370000000 0.3309577532 1
0.1370000000 0.2017060807 0
0.1370000000 0.3309577532 1
0.1370000000 0.2017060807 0
0.1370000000 0.3309577532 1
0.1370000000 0.2017060807 0
0.1370000000 0.3309577532 1
0.1370000000 0.2017060807 0
0.1370000000 0.3309577532 1
0.1370000000 0.2017060807 0
0.1370000000 0.3309577532 1
0.1370000000 0.2017060807 0
0.1370000000 0.3309577532 1
0.1370000000 0.2017060807 0
0.1370000000 0.3309577532 1
0.1370000000 0.2017060807 0
0.1370000000 0.3309577532 1
0.1370000000 0.2017060807 0
0.1370000000 0.3309577532 1
0.1370000000 0.2017060807 0
0.1370000000 0.3309577532 1
0.1370000000 0.2017060807 0
0.1370000000 0.3309577532 1
0.1370000000 0.2017060807 0
0.1370000000 0.3309577532 1
0.1370000000 0.2017060807 0
0.1370000000 0.3309577532 1
0.1370000000 0.2017060807 0
0.1370000000 0.3309577532 1
0.1370000000 0.2017060807 0
0.1370000000 0.3309577532 1
0.1370000000 0.2017060807 0
0.1370000000 0.3309577532 1
0.1370000000 0.2017060807 0
0.1370000000 0.3309577532 1
0.1370000000 0.2017060807 0
0.1370000000 0.3309577532 1
0.1370000000 0.2017060807 0
0.1370000000 0.3309577532 1
0.1370000000 0.2017060807 0
0.1370000000 0.3309577532 1
0.1370000000 0.2017060807 0
0.1370000000 0.3309577532 1
0.1370000000 0.2017060807 0
0.1370000000 0.3309577532 1
0.1370000000 0.2017060807 0
0.1370000000 0.3309577532 1
0.1370000000 0.2017060807 0
0.1370000000 0.3309577532 1
0.1370000000 0.2017060807 0
0.1370000000 0.3309577532 1
0.1370000000 0.2017060807 0
0.1370000000 0.3309577532 1
0.1370000000 0.2017060807 0
0.1370000000 0.3309577532 1
0.1370000000 0.2017060807 0
0.1370000000 0.3309577532 1
0.1370000000 0.2017060807 0
0.1370000000 0.3309577532 1
0.1370000000 0.2017060807 0
0.1370000000 0.3309577532 1
0.1370000000 0.2017060807 0
0.1370000000 0.3309577532 1
0.1370000000 0.2017060807 0
0.1370000000 0.3309577532 1
0.1370000000 0.2017060807 0
0.1370000000 0.3309577532 1
0.1370000000 0.2017060807 0
0.1370000000 0.3309577532 1
0.1370000000 0.2017060807 0
0.1370000000 0.3309577532 1
0.1370000000 0.2017060807 0
0.1370000000 0.3309577532 1
0.1370000000 0.2017060807 0
0.1370000000 0.3309577532 1
0.1370000000 0.2017060807 0
0.1370000000 0.3309577532 1
0.1370000000 0.2017060807 0
0.1370000000 0.3309577532 1
0.1370000000 0.2017060807 0
0.1370000000 0.3309577532 1
0.1370000000 0.2017060807 0
0.1370000000 0.3309577532 1
0.1370000000 0.2017060807 0
0.1380000000 0.3343466557 1
0.1380000000 0.2003274030 0
0.1380000000 0.3343466557 1
0.1380000000 0.2003274030 0
0.1380000000 0.3343466557 1
0.1380000000 0.2003274030 0
0.1380000000 0.3343466557 1
0.1380000000 0.2003274030 0
0.1380000000 0.3343466557 1
0.1380000000 0.2003274030 0
0.1380000000 0.3343466557 1
0.1380000000 0.2003274030 0
0.1380000000 0.3343466557 1
0.1380000000 0.2003274030 0
0.1380000000 0.3343466557 1
0.1380000000 0.2003274030 0
0.1380000000 0.3343466557 1
0.1380000000 0.2003274030 0
0.1380000000 0.3343466557 1
0.1380000000 0.2003274030 0
0.1380000000 0.3343466557 1
0.1380000000 0.2003274030 0
0.1380000000 0.3343466557 1
0.1380000000 0.2003274030 0
0.1380000000 0.3343466557 1
0.1380000000 0.2003274030 0
0.1380000000 0.3343466557 1
0.1380000000 0.2003274030 0
0.1380000000 0.3343466557 1
0.1380000000 0.2003274030 0
0.1380000000 0.3343466557 1
0.1380000000 0.2003274030 0
0.1380000000 0.3343466557 1
0.1380000000 0.2003274030 0
0.1380000000 0.3343466557 1
0.1380000000 0.2003274030 0
0.1380000000 0.3343466557 1
0.1380000000 0.2003274030 0
0.1380000000 0.3343466557 1
0.1380000000 0.2003274030 0
0.1380000000 0.3343466557 1
0.1380000000 0.2003274030 0
0.1380000000 0.3343466557 1
0.1380000000 0.2003274030 0
0.1380000000 0.3343466557 1
0.1380000000 0.2003274030 0
0.1380000000 0.3343466557 1
0.1380000000 0.2003274030 0
0.1380000000 0.3343466557 1
0.1380000000 0.2003274030 0
0.1380000000 0.3343466557 1
0.1380000000 0.2003274030 0
0.1380000000 0.3343466557 1
0.1380000000 0.2003274030 0
0.1380000000 0.3343466557 1
0.1380000000 0.2003274030 0
0.1380000000 0.3343466557 1
0.1380000000 0.2003274030 0
0.1380000000 0.3343466557 1
0.1380000000 0.2003274030 0
0.1380000000 0.3343466557 1
0.1380000000 0.2003274030 0
0.1380000000 0.3343466557 1
0.1380000000 0.2003274030 0
0.1380000000 0.3343466557 1
0.1380000000 0.2003274030 0
0.1380000000 0.3343466557 1
0.1380000000 0.2003274030 0
0.1380000000 0.3343466557 1
0.1380000000 0.2003274030 0
0.1380000000 0.3343466557 1
0.1380000000 0.2003274030 0
0.1380000000 0.3343466557 1
0.1380000000 0.2003274030 0
0.1380000000 0.3343466557 1
0.1380000000 0.2003274030 0
0.1380000000 0.3343466557 1
0.1380000000 0.2003274030 0
0.1380000000 0.3343466557 1
0.1380000000 0.2003274030 0
0.1380000000 0.3343466557 1
0.1380000000 0.2003274030 0
0.1380000000 0.3343466557 1
0.1380000000 0.2003274030 0
0.1380000000 0.3343466557 1
0.1380000000 0.2003274030 0
0.1380000000 0.3343466557 1
0.1380000000 0.2003274030 0
0.1380000000 0.3343466557 1
0.1380000000 0.2003274030 0
0.1380000000 0.3343466557 1
0.1380000000 0.2003274030 0
0.1380000000 0.3343466557 1
0.1380000000 0.2003274030 0
0.1380000000 0.3343466557 1
0.1380000000 0.2003274030 0
0.1380000000 0.3343466557 1
0.1380000000 0.2003274030 0
0.1380000000 0.3343466557 1
0.1380000000 0.2003274030 0
0.1390000000 0.3377738350 1
0.1390000000 0.1988271996 0
0.1390000000 0.3377738350 1
0.1390000000 0.1988271996 0
0.1390000000 0.3377738350 1
0.1390000000 0.1988271996 0
0.1390000000 0.3377738350 1
0.1390000000 0.1988271996 0
0.1390000000 0.3377738350 1
0.1390000000 0.1988271996 0
0.1390000000 0.3377738350 1
0.1390000000 0.1988271996 0
0.1390000000 0.3377738350 1
0.1390000000 0.1988271996 0
0.1390000000 0.3377738350 1
0.1390000000 0.1988271996 0
0.1390000000 0.3377738350 1
0.1390000000 0.1988271996 0
0.1390000000 0.3377738350 1
0.1390000000 0.1988271996 0
0.1390000000 0.3377738350 1
0.1390000000 0.1988271996 0
0.1390000000 0.3377738350 1
0.1390000000 0.1988271996 0
0.1390000000 0.3377738350 1
0.1390000000 0.1988271996 0
0.1390000000 0.3377738350 1
0.1390000000 0.1988271996 0
0.1390000000 0.3377738350 1
0.1390000000 0.1988271996 0
0.1390000000 0.3377738350 1
0.1390000000 0.1988271996 0
0.1390000000 0.3377738350 1
0.1390000000 0.1988271996 0
0.1390000000 0.3377738350 1
0.1390000000 0.1988271996 0
0.1390000000 0.3377738350 1
0.1390000000 0.1988271996 0
0.1390000000 0.3377738350 1
0.1390000000 0.1988271996 0
0.1390000000 0.3377738350 1
0.1390000000 0.1988271996 0
0.1390000000 0.3377738350 1
0.1390000000 0.1988271996 0
0.1390000000 0.3377738350 1
0.1390000000 0.1988271996 0
0.1390000000 0.3377738350 1
0.1390000000 0.1988271996 0
0.1390000000 0.3377738350 1
0.1390000000 0.1988271996 0
0.1390000000 0.3377738350 1
0.1390000000 0.1988271996 0
0.1390000000 0.3377738350 1
0.1390000000 0.1988271996 0
0.1390000000 0.3377738350 1
0.1390000000 0.1988271996 0
0.1390000000 0.3377738350 1
0.1390000000 0.1988271996 0
0.1390000000 0.3377738350 1
0.1390000000 0.1988271996 0
0.1390000000 0.3377738350 1
0.1390000000 0.1988271996 0
0.1390000000 0.3377738350 1
0.1390000000 0.1988271996 0
0.1390000000 0.3377738350 1
0.1390000000 0.1988271996 0
0.1390000000 0.3377738350 1
0.1390000000 0.1988271996 0
0.1390000000 0.3377738350 1
0.1390000000 0.1988271996 0
0.1390000000 0.3377738350 1
0.1390000000 0.1988271996 0
0.1390000000 0.3377738350 1
0.1390000000 0.1988271996 0
0.1390000000 0.3377738350 1
0.1390000000 0.1988271996 0
0.1390000000 0.3377738350 1
0.1390000000 0.1988271996 0
0.1390000000 0.3377738350 1
0.1390000000 0.1988271996 0
0.1390000000 0.3377738350 1
0.1390000000 0.1988271996 0
0.1390000000 0.3377738350 1
0.1390000000 0.1988271996 0
0.1390000000 0.3377738350 1
0.1390000000 0.1988271996 0
0.1390000000 0.3377738350 1
0.1390000000 0.1988271996 0
0.1390000000 0.3377738350 1
0.1390000000 0.1988271996 0
0.1390000000 0.3377738350 1
0.1390000000 0.1988271996 0
0.1390000000 0.3377738350 1
0.1390000000 0.1988271996 0
0.1390000000 0.3377738350 1
0.1390000000 0.1988271996 0
0.1390000000 0.3377738350 1
0.1390000000 0.1988271996 0
0.1390000000 0.3377738350 1
0.1390000000 0.1988271996 0
0.1400000000 0.3412447171 1
0.1400000000 0.1971886086 0
0.1400000000 0.3412447171 1
0.1400000000 0.1971886086 0
0.1400000000 0.3412447171 1
0.1400000000 0.1971886086 0
0.1400000000 0.3412447171 1
0.1400000000 0.1971886086 0
0.1400000000 0.3412447171 1
0.1400000000 0.1971886086 0
0.1400000000 0.3412447171 1
0.1400000000 0.1971886086 0
0.1400000000 0.3412447171 1
0.1400000000 0.1971886086 0
0.1400000000 0.3412447171 1
0.1400000000 0.1971886086 0
0.1400000000 0.3412447171 1
0.1400000000 0.1971886086 0
0.1400000000 0.3412447171 1
0.1400000000 0.1971886086 0
0.1400000000 0.3412447171 1
0.1400000000 0.1971886086 0
0.1400000000 0.3412447171 1
0.1400000000 0.1971886086 0
0.1400000000 0.3412447171 1
0.1400000000 0.1971886086 0
0.1400000000 0.3412447171 1
0.1400000000 0.1971886086 0
0.1400000000 0.3412447171 1
0.1400000000 0.1971886086 0
0.1400000000 0.3412447171 1
0.1400000000 0.1971886086 0
0.1400000000 0.3412447171 1
0.1400000000 0.1971886086 0
0.1400000000 0.3412447171 1
0.1400000000 0.1971886086 0
0.1400000000 0.3412447171 1
0.1400000000 0.1971886086 0
0.1400000000 0.3412447171 1
0.1400000000 0.1971886086 0
0.1400000000 0.3412447171 1
0.1400000000 0.1971886086 0
0.1400000000 0.3412447171 1
0.1400000000 0.1971886086 0
0.1400000000 0.3412447171 1
0.1400000000 0.1971886086 0
0.1400000000 0.3412447171 1
0.1400000000 0.1971886086 0
0.1400000000 0.3412447171 1
0.1400000000 0.1971886086 0
0.1400000000 0.3412447171 1
0.1400000000 0.1971886086 0
0.1400000000 0.3412447171 1
0.1400000000 0.1971886086 0
0.1400000000 0.3412447171 1
0.1400000000 0.1971886086 0
0.1400000000 0.3412447171 1
0.1400000000 0.1971886086 0
0.1400000000 0.3412447171 1
0.1400000000 0.1971886086 0
0.1400000000 0.3412447171 1
0.1400000000 0.1971886086 0
0.1400000000 0.3412447171 1
0.1400000000 0.1971886086 0
0.1400000000 0.3412447171 1
0.1400000000 0.1971886086 0
0.1400000000 0.3412447171 1
0.1400000000 0.1971886086 0
0.1400000000 0.3412447171 1
0.1400000000 0.1971886086 0
0.1400000000 0.3412447171 1
0.1400000000 0.1971886086 0
0.1400000000 0.3412447171 1
0.1400000000 0.1971886086 0
0.1400000000 0.3412447171 1
0.1400000000 0.1971886086 0
0.1400000000 0.3412447171 1
0.1400000000 0.1971886086 0
0.1400000000 0.3412447171 1
0.1400000000 0.1971886086 0
0.1400000000 0.3412447171 1
0.1400000000 0.1971886086 0
0.1400000000 0.3412447171 1
0.1400000000 0.1971886086 0
0.1400000000 0.3412447171 1
0.1400000000 0.1971886086 0
0.1400000000 0.3412447171 1
0.1400000000 0.1971886086 0
0.1400000000 0.3412447171 1
0.1400000000 0.1971886086 0
0.1400000000 0.3412447171 1
0.1400000000 0.1971886086 0
0.1400000000 0.3412447171 1
0.1400000000 0.1971886086 0
0.1400000000 0.3412447171 1
0.1400000000 0.1971886086 0
0.1400000000 0.3412447171 1
0.1400000000 0.1971886086 0
0.1400000000 0.3412447171 1
0.1400000000 0.1971886086 0
0.1410000000 0.3447661720 1
0.1410000000 0.1953902687 0
0.1410000000 0.3447661720 1
0.1410000000 0.1953902687 0
0.1410000000 0.3447661720 1
0.1410000000 0.1953902687 0
0.1410000000 0.3447661720 1
0.1410000000 0.1953902687 0
0.1410000000 0.3447661720 1
0.1410000000 0.1953902687 0
0.1410000000 0.3447661720 1
0.1410000000 0.1953902687 0
0.1410000000 0.3447661720 1
0.1410000000 0.1953902687 0
0.1410000000 0.3447661720 1
0.1410000000 0.1953902687 0
0.1410000000 0.3447661720 1
0.1410000000 0.1953902687 0
0.1410000000 0.3447661720 1
0.1410000000 0.1953902687 0
0.1410000000 0.3447661720 1
0.1410000000 0.1953902687 0
0.1410000000 0.3447661720 1
0.1410000000 0.1953902687 0
0.1410000000 0.3447661720 1
0.1410000000 0.1953902687 0
0.1410000000 0.3447661720 1
0.1410000000 0.1953902687 0
0.1410000000 0.3447661720 1
0.1410000000 0.1953902687 0
0.1410000000 0.3447661720 1
0.1410000000 0.1953902687 0
0.1410000000 0.3447661720 1
0.1410000000 0.1953902687 0
0.1410000000 0.3447661720 1
0.1410000000 0.1953902687 0
0.1410000000 0.3447661720 1
0.1410000000 0.1953902687 0
0.1410000000 0.3447661720 1
0.1410000000 0.1953902687 0
0.1410000000 0.3447661720 1
0.1410000000 0.1953902687 0
0.1410000000 0.3447661720 1
0.1410000000 0.1953902687 0
0.1410000000 0.3447661720 1
0.1410000000 0.1953902687 0
0.1410000000 0.3447661720 1
0.1410000000 0.1953902687 0
0.1410000000 0.3447661720 1
0.1410000000 0.1953902687 0
0.1410000000 0.3447661720 1
0.1410000000 0.1953902687 0
0.1410000000 0.3447661720 1
0.1410000000 0.1953902687 0
0.1410000000 0.3447661720 1
0.1410000000 0.1953902687 0
0.1410000000 0.3447661720 1
0.1410000000 0.1953902687 0
0.1410000000 0.3447661720 1
0.1410000000 0.1953902687 0
0.1410000000 0.3447661720 1
0.1410000000 0.1953902687 0
0.1410000000 0.3447661720 1
0.1410000000 0.1953902687 0
0.1410000000 0.3447661720 1
0.1410000000 0.1953902687 0
0.1410000000 0.3447661720 1
0.1410000000 0.1953902687 0
0.1410000000 0.3447661720 1
0.1410000000 0.1953902687 0
0.1410000000 0.3447661720 1
0.1410000000 0.1953902687 0
0.1410000000 0.3447661720 1
0.1410000000 0.1953902687 0
0.1410000000 0.3447661720 1
0.1410000000 0.1953902687 0
0.1410000000 0.3447661720 1
0.1410000000 0.1953902687 0
0.1410000000 0.3447661720 1
0.1410000000 0.1953902687 0
0.1410000000 0.3447661720 1
0.1410000000 0.1953902687 0
0.1410000000 0.3447661720 1
0.1410000000 0.1953902687 0
0.1410000000 0.3447661720 1
0.1410000000 0.1953902687 0
0.1410000000 0.3447661720 1
0.1410000000 0.1953902687 0
0.1410000000 0.3447661720 1
0.1410000000 0.1953902687 0
0.1410000000 0.3447661720 1
0.1410000000 0.1953902687 0
0.1410000000 0.3447661720 1
0.1410000000 0.1953902687 0
0.1410000000 0.3447661720 1
0.1410000000 0.1953902687 0
0.1410000000 0.3447661720 1
0.1410000000 0.1953902687 0
0.1410000000 0.3447661720 1
0.1410000000 0.1953902687 0
0.1420000000 0.3483471203 1
0.1420000000 0.1934044278 0
0.1420000000 0.3483471203 1
0.1420000000 0.1934044278 0
0.1420000000 0.3483471203 1
0.1420000000 0.1934044278 0
0.1420000000 0.3483471203 1
0.1420000000 0.1934044278 0
0.1420000000 0.3483471203 1
0.1420000000 0.1934044278 0
0.1420000000 0.3483471203 1
0.1420000000 0.1934044278 0
0.1420000000 0.3483471203 1
0.1420000000 0.1934044278 0
0.1420000000 0.3483471203 1
0.1420000000 0.1934044278 0
0.1420000000 0.3483471203 1
0.1420000000 0.1934044278 0
0.1420000000 0.3483471203 1
0.1420000000 0.1934044278 0
0.1420000000 0.3483471203 1
0.1420000000 0.1934044278 0
0.1420000000 0.3483471203 1
0.1420000000 0.1934044278 0
0.1420000000 0.3483471203 1
0.1420000000 0.1934044278 0
0.1420000000 0.3483471203 1
0.1420000000 0.1934044278 0
0.1420000000 0.3483471203 1
0.1420000000 0.1934044278 0
0.1420000000 0.3483471203 1
0.1420000000 0.1934044278 0
0.1420000000 0.3483471203 1
0.1420000000 0.1934044278 0
0.1420000000 0.3483471203 1
0.1420000000 0.1934044278 0
0.1420000000 0.3483471203 1
0.1420000000 0.1934044278 0
0.1420000000 0.3483471203 1
0.1420000000 0.1934044278 0
0.1420000000 0.3483471203 1
0.1420000000 0.1934044278 0
0.1420000000 0.3483471203 1
0.1420000000 0.1934044278 0
0.1420000000 0.3483471203 1
0.1420000000 0.1934044278 0
0.1420000000 0.3483471203 1
0.1420000000 0.1934044278 0
0.1420000000 0.3483471203 1
0.1420000000 0.1934044278 0
0.1420000000 0.3483471203 1
0.1420000000 0.1934044278 0
0.1420000000 0.3483471203 1
0.1420000000 0.1934044278 0
0.1420000000 0.3483471203 1
0.1420000000 0.1934044278 0
0.1420000000 0.3483471203 1
0.1420000000 0.1934044278 0
0.1420000000 0.3483471203 1
0.1420000000 0.1934044278 0
0.1420000000 0.3483471203 1
0.1420000000 0.1934044278 0
0.1420000000 0.3483471203 1
0.1420000000 0.1934044278 0
0.1420000000 0.3483471203 1
0.1420000000 0.1934044278 0
0.1420000000 0.3483471203 1
0.1420000000 0.1934044278 0
0.1420000000 0.3483471203 1
0.1420000000 0.1934044278 0
0.1420000000 0.3483471203 1
0.1420000000 0.1934044278 0
0.1420000000 0.3483471203 1
0.1420000000 0.1934044278 0
0.1420000000 0.3483471203 1
0.1420000000 0.1934044278 0
0.1420000000 0.3483471203 1
0.1420000000 0.1934044278 0
0.1420000000 0.3483471203 1
0.1420000000 0.1934044278 0
0.1420000000 0.3483471203 1
0.1420000000 0.1934044278 0
0.1420000000 0.3483471203 1
0.1420000000 0.1934044278 0
0.1420000000 0.3483471203 1
0.1420000000 0.1934044278 0
0.1420000000 0.3483471203 1
0.1420000000 0.1934044278 0
0.1420000000 0.3483471203 1
0.1420000000 0.1934044278 0
0.1420000000 0.3483471203 1
0.1420000000 0.1934044278 0
0.1420000000 0.3483471203 1
0.1420000000 0.1934044278 0
0.1420000000 0.3483471203 1
0.1420000000 0.1934044278 0
0.1420000000 0.3483471203 1
0.1420000000 0.1934044278 0
0.1420000000 0.3483471203 1
0.1420000000 0.1934044278 0
0.1430000000 0.3519995162 1
0.1430000000 0.1911938833 0
0.1430000000 0.3519995162 1
0.1430000000 0.1911938833 0
0.1430000000 0.3519995162 1
0.1430000000 0.1911938833 0
0.1430000000 0.3519995162 1
0.1430000000 0.1911938833 0
0.1430000000 0.3519995162 1
0.1430000000 0.1911938833 0
0.1430000000 0.3519995162 1
0.1430000000 0.1911938833 0
0.1430000000 0.3519995162 1
0.1430000000 0.1911938833 0
0.1430000000 0.3519995162 1
0.1430000000 0.1911938833 0
0.1430000000 0.3519995162 1
0.1430000000 0.1911938833 0
0.1430000000 0.3519995162 1
0.1430000000 0.1911938833 0
0.1430000000 0.3519995162 1
0.1430000000 0.1911938833 0
0.1430000000 0.3519995162 1
0.1430000000 0.1911938833 0
0.1430000000 0.3519995162 1
0.1430000000 0.1911938833 0
0.1430000000 0.3519995162 1
0.1430000000 0.1911938833 0
0.1430000000 0.3519995162 1
0.1430000000 0.1911938833 0
0.1430000000 0.3519995162 1
0.1430000000 0.1911938833 0
0.1430000000 0.3519995162 1
0.1430000000 0.1911938833 0
0.1430000000 0.3519995162 1
0.1430000000 0.1911938833 0
0.1430000000 0.3519995162 1
0.1430000000 0.1911938833 0
0.1430000000 0.3519995162 1
0.1430000000 0.1911938833 0
0.1430000000 0.3519995162 1
0.1430000000 0.1911938833 0
0.1430000000 0.3519995162 1
0.1430000000 0.1911938833 0
0.1430000000 0.3519995162 1
0.1430000000 0.1911938833 0
0.1430000000 0.3519995162 1
0.1430000000 0.1911938833 0
0.1430000000 0.3519995162 1
0.1430000000 0.1911938833 0
0.1430000000 0.3519995162 1
0.1430000000 0.1911938833 0
0.1430000000 0.3519995162 1
0.1430000000 0.1911938833 0
0.1430000000 0.3519995162 1
0.1430000000 0.1911938833 0
0.1430000000 0.3519995162 1
0.1430000000 0.1911938833 0
0.1430000000 0.3519995162 1
0.1430000000 0.1911938833 0
0.1430000000 0.3519995162 1
0.1430000000 0.1911938833 0
0.1430000000 0.3519995162 1
0.1430000000 0.1911938833 0
0.1430000000 0.3519995162 1
0.1430000000 0.1911938833 0
0.1430000000 0.3519995162 1
0.1430000000 0.1911938833 0
0.1430000000 0.3519995162 1
0.1430000000 0.1911938833 0
0.1430000000 0.3519995162 1
0.1430000000 0.1911938833 0
0.1430000000 0.3519995162 1
0.1430000000 0.1911938833 0
0.1430000000 0.3519995162 1
0.1430000000 0.1911938833 0
0.1430000000 0.3519995162 1
0.1430000000 0.1911938833 0
0.1430000000 0.3519995162 1
0.1430000000 0.1911938833 0
0.1430000000 0.3519995162 1
0.1430000000 0.1911938833 0
0.1430000000 0.3519995162 1
0.1430000000 0.1911938833 0
0.1430000000 0.3519995162 1
0.1430000000 0.1911938833 0
0.1430000000 0.3519995162 1
0.1430000000 0.1911938833 0
0.1430000000 0.3519995162 1
0.1430000000 0.1911938833 0
0.1430000000 0.3519995162 1
0.1430000000 0.1911938833 0
0.1430000000 0.3519995162 1
0.1430000000 0.1911938833 0
0.1430000000 0.3519995162 1
0.1430000000 0.1911938833 0
0.1430000000 0.3519995162 1
0.1430000000 0.1911938833 0
0.1430000000 0.3519995162 1
0.1430000000 0.1911938833 0
0.1440000000 0.3557400333 1
0.1440000000 0.1887067301 0
0.1440000000 0.3557400333 1
0.1440000000 0.1887067301 0
0.1440000000 0.3557400333 1
0.1440000000 0.1887067301 0
0.1440000000 0.3557400333 1
0.1440000000 0.1887067301 0
0.1440000000 0.3557400333 1
0.1440000000 0.1887067301 0
0.1440000000 0.3557400333 1
0.1440000000 0.1887067301 0
0.1440000000 0.3557400333 1
0.1440000000 0.1887067301 0
0.1440000000 0.3557400333 1
0.1440000000 0.1887067301 0
0.1440000000 0.3557400333 1
0.1440000000 0.1887067301 0
0.1440000000 0.3557400333 1
0.1440000000 0.1887067301 0
0.1440000000 0.3557400333 1
0.1440000000 0.1887067301 0
0.1440000000 0.3557400333 1
0.1440000000 0.1887067301 0
0.1440000000 0.3557400333 1
0.1440000000 0.1887067301 0
0.1440000000 0.3557400333 1
0.1440000000 0.1887067301 0
0.1440000000 0.3557400333 1
0.1440000000 0.1887067301 0
0.1440000000 0.3557400333 1
0.1440000000 0.1887067301 0
0.1440000000 0.3557400333 1
0.1440000000 0.1887067301 0
0.1440000000 0.3557400333 1
0.1440000000 0.1887067301 0
0.1440000000 0.3557400333 1
0.1440000000 0.1887067301 0
0.1440000000 0.3557400333 1
0.1440000000 0.1887067301 0
0.1440000000 0.3557400333 1
0.1440000000 0.1887067301 0
0.1440000000 0.3557400333 1
0.1440000000 0.1887067301 0
0.1440000000 0.3557400333 1
0.1440000000 0.1887067301 0
0.1440000000 0.3557400333 1
0.1440000000 0.1887067301 0
0.1440000000 0.3557400333 1
0.1440000000 0.1887067301 0
0.1440000000 0.3557400333 1
0.1440000000 0.1887067301 0
0.1440000000 0.3557400333 1
0.1440000000 0.1887067301 0
0.1440000000 0.3557400333 1
0.1440000000 0.1887067301 0
0.1440000000 0.3557400333 1
0.1440000000 0.1887067301 0
0.1440000000 0.3557400333 1
0.1440000000 0.1887067301 0
0.1440000000 0.3557400333 1
0.1440000000 0.1887067301 0
0.1440000000 0.3557400333 1
0.1440000000 0.1887067301 0
0.1440000000 0.3557400333 1
0.1440000000 0.1887067301 0
0.1440000000 0.3557400333 1
0.1440000000 0.1887067301 0
0.1440000000 0.3557400333 1
0.1440000000 0.1887067301 0
0.1440000000 0.3557400333 1
0.1440000000 0.1887067301 0
0.1440000000 0.3557400333 1
0.1440000000 0.1887067301 0
0.1440000000 0.3557400333 1
0.1440000000 0.1887067301 0
0.1440000000 0.3557400333 1
0.1440000000 0.1887067301 0
0.1440000000 0.3557400333 1
0.1440000000 0.1887067301 0
0.1440000000 0.3557400333 1
0.1440000000 0.1887067301 0
0.1440000000 0.3557400333 1
0.1440000000 0.1887067301 0
0.1440000000 0.3557400333 1
0.1440000000 0.1887067301 0
0.1440000000 0.3557400333 1
0.1440000000 0.1887067301 0
0.1440000000 0.3557400333 1
0.1440000000 0.1887067301 0
0.1440000000 0.3557400333 1
0.1440000000 0.1887067301 0
0.1440000000 0.3557400333 1
0.1440000000 0.1887067301 0
0.1440000000 0.3557400333 1
0.1440000000 0.1887067301 0
0.1440000000 0.3557400333 1
0.1440000000 0.1887067301 0
0.1440000000 0.3557400333 1
0.1440000000 0.1887067301 0
0.1450000000 0.3595931931 1
0.1450000000 0.1858666209 0
0.1450000000 0.3595931931 1
0.1450000000 0.1858666209 0
0.1450000000 0.3595931931 1
0.1450000000 0.1858666209 0
0.1450000000 0.3595931931 1
0.1450000000 0.1858666209 0
0.1450000000 0.3595931931 1
0.1450000000 0.1858666209 0
0.1450000000 0.3595931931 1
0.1450000000 0.1858666209 0
0.1450000000 0.3595931931 1
0.1450000000 0.1858666209 0
0.1450000000 0.3595931931 1
0.1450000000 0.1858666209 0
0.1450000000 0.3595931931 1
0.1450000000 0.1858666209 0
0.1450000000 0.3595931931 1
0.1450000000 0.1858666209 0
0.1450000000 0.3595931931 1
0.1450000000 0.1858666209 0
0.1450000000 0.3595931931 1
0.1450000000 0.1858666209 0
0.1450000000 0.3595931931 1
0.1450000000 0.1858666209 0
0.1450000000 0.3595931931 1
0.1450000000 0.1858666209 0
0.1450000000 0.3595931931 1
0.1450000000 0.1858666209 0
0.1450000000 0.3595931931 1
0.1450000000 0.1858666209 0
0.1450000000 0.3595931931 1
0.1450000000 0.1858666209 0
0.1450000000 0.3595931931 1
0.1450000000 0.1858666209 0
0.1450000000 0.3595931931 1
0.1450000000 0.1858666209 0
0.1450000000 0.3595931931 1
0.1450000000 0.1858666209 0
0.1450000000 0.3595931931 1
0.1450000000 0.1858666209 0
0.1450000000 0.3595931931 1
0.1450000000 0.1858666209 0
0.1450000000 0.3595931931 1
0.1450000000 0.1858666209 0
0.1450000000 0.3595931931 1
0.1450000000 0.1858666209 0
0.1450000000 0.3595931931 1
0.1450000000 0.1858666209 0
0.1450000000 0.3595931931 1
0.1450000000 0.1858666209 0
0.1450000000 0.3595931931 1
0.1450000000 0.1858666209 0
0.1450000000 0.3595931931 1
0.1450000000 0.1858666209 0
0.1450000000 0.3595931931 1
0.1450000000 0.1858666209 0
0.1450000000 0.3595931931 1
0.1450000000 0.1858666209 0
0.1450000000 0.3595931931 1
0.1450000000 0.1858666209 0
0.1450000000 0.3595931931 1
0.1450000000 0.1858666209 0
0.1450000000 0.3595931931 1
0.1450000000 0.1858666209 0
0.1450000000 0.3595931931 1
0.1450000000 0.1858666209 0
0.1450000000 0.3595931931 1
0.1450000000 0.1858666209 0
0.1450000000 0.3595931931 1
0.1450000000 0.1858666209 0
0.1450000000 0.3595931931 1
0.1450000000 0.1858666209 0
0.1450000000 0.3595931931 1
0.1450000000 0.1858666209 0
0.1450000000 0.3595931931 1
0.1450000000 0.1858666209 0
0.1450000000 0.3595931931 1
0.1450000000 0.1858666209 0
0.1450000000 0.3595931931 1
0.1450000000 0.1858666209 0
0.1450000000 0.3595931931 1
0.1450000000 0.1858666209 0
0.1450000000 0.3595931931 1
0.1450000000 0.1858666209 0
0.1450000000 0.3595931931 1
0.1450000000 0.1858666209 0
0.1450000000 0.3595931931 1
0.1450000000 0.1858666209 0
0.1450000000 0.3595931931 1
0.1450000000 0.1858666209 0
0.1450000000 0.3595931931 1
0.1450000000 0.1858666209 0
0.1450000000 0.3595931931 1
0.1450000000 0.1858666209 0
0.1450000000 0.3595931931 1
0.1450000000 0.1858666209 0
0.1450000000 0.3595931931 1
0.1450000000 0.1858666209 0
0.1460000000 0.3635978068 1
0.1460000000 0.1825527058 0
0.1460000000 0.3635978068 1
0.1460000000 0.1825527058 0
0.1460000000 0.3635978068 1
0.1460000000 0.1825527058 0
0.1460000000 0.3635978068 1
0.1460000000 0.1825527058 0
0.1460000000 0.3635978068 1
0.1460000000 0.1825527058 0
0.1460000000 0.3635978068 1
0.1460000000 0.1825527058 0
0.1460000000 0.3635978068 1
0.1460000000 0.1825527058 0
0.1460000000 0.3635978068 1
0.1460000000 0.1825527058 0
0.1460000000 0.3635978068 1
0.1460000000 0.1825527058 0
0.1460000000 0.3635978068 1
0.1460000000 0.1825527058 0
0.1460000000 0.3635978068 1
0.1460000000 0.1825527058 0
0.1460000000 0.3635978068 1
0.1460000000 0.1825527058 0
0.1460000000 0.3635978068 1
0.1460000000 0.1825527058 0
0.1460000000 0.3635978068 1
0.1460000000 0.1825527058 0
0.1460000000 0.3635978068 1
0.1460000000 0.1825527058 0
0.1460000000 0.3635978068 1
0.1460000000 0.1825527058 0
0.1460000000 0.3635978068 1
0.1460000000 0.1825527058 0
0.1460000000 0.3635978068 1
0.1460000000 0.1825527058 0
0.1460000000 0.3635978068 1
0.1460000000 0.1825527058 0
0.1460000000 0.3635978068 1
0.1460000000 0.1825527058 0
0.1460000000 0.3635978068 1
0.1460000000 0.1825527058 0
0.1460000000 0.3635978068 1
0.1460000000 0.1825527058 0
0.1460000000 0.3635978068 1
0.1460000000 0.1825527058 0
0.1460000000 0.3635978068 1
0.1460000000 0.1825527058 0
0.1460000000 0.3635978068 1
0.1460000000 0.1825527058 0
0.1460000000 0.3635978068 1
0.1460000000 0.1825527058 0
0.1460000000 0.3635978068 1
0.1460000000 0.1825527058 0
0.1460000000 0.3635978068 1
0.1460000000 0.1825527058 0
0.1460000000 0.3635978068 1
0.1460000000 0.1825527058 0
0.1460000000 0.3635978068 1
0.1460000000 0.1825527058 0
0.1460000000 0.3635978068 1
0.1460000000 0.1825527058 0
0.1460000000 0.3635978068 1
0.1460000000 0.1825527058 0
0.1460000000 0.3635978068 1
0.1460000000 0.1825527058 0
0.1460000000 0.3635978068 1
0.1460000000 0.1825527058 0
0.1460000000 0.3635978068 1
0.1460000000 0.1825527058 0
0.1460000000 0.3635978068 1
0.1460000000 0.1825527058 0
0.1460000000 0.3635978068 1
0.1460000000 0.1825527058 0
0.1460000000 0.3635978068 1
0.1460000000 0.1825527058 0
0.1460000000 0.3635978068 1
0.1460000000 0.1825527058 0
0.1460000000 0.3635978068 1
0.1460000000 0.1825527058 0
0.1460000000 0.3635978068 1
0.1460000000 0.1825527058 0
0.1460000000 0.3635978068 1
0.1460000000 0.1825527058 0
0.1460000000 0.3635978068 1
0.1460000000 0.1825527058 0
0.1460000000 0.3635978068 1
0.1460000000 0.1825527058 0
0.1460000000 0.3635978068 1
0.1460000000 0.1825527058 0
0.1460000000 0.3635978068 1
0.1460000000 0.1825527058 0
0.1460000000 0.3635978068 1
0.1460000000 0.1825527058 0
0.1460000000 0.3635978068 1
0.1460000000 0.1825527058 0
0.1460000000 0.3635978068 1
0.1460000000 0.1825527058 0
0.1460000000 0.3635978068 1
0.1460000000 0.1825527058 0
0.1470000000 0.3678224175 1
0.1470000000 0.1785515507 0
0.1470000000 0.3678224175 1
0.1470000000 0.1785515507 0
0.1470000000 0.3678224175 1
0.1470000000 0.1785515507 0
0.1470000000 0.3678224175 1
0.1470000000 0.1785515507 0
0.1470000000 0.3678224175 1
0.1470000000 0.1785515507 0
0.1470000000 0.3678224175 1
0.1470000000 0.1785515507 0
0.1470000000 0.3678224175 1
0.1470000000 0.1785515507 0
0.1470000000 0.3678224175 1
0.1470000000 0.1785515507 0
0.1470000000 0.3678224175 1
0.1470000000 0.1785515507 0
0.1470000000 0.3678224175 1
0.1470000000 0.1785515507 0
0.1470000000 0.3678224175 1
0.1470000000 0.1785515507 0
0.1470000000 0.3678224175 1
0.1470000000 0.1785515507 0
0.1470000000 0.3678224175 1
0.1470000000 0.1785515507 0
0.1470000000 0.3678224175 1
0.1470000000 0.1785515507 0
0.1470000000 0.3678224175 1
0.1470000000 0.1785515507 0
0.1470000000 0.3678224175 1
0.1470000000 0.1785515507 0
0.1470000000 0.3678224175 1
0.1470000000 0.1785515507 0
0.1470000000 0.3678224175 1
0.1470000000 0.1785515507 0
0.1470000000 0.3678224175 1
0.1470000000 0.1785515507 0
0.1470000000 0.3678224175 1
0.1470000000 0.1785515507 0
0.1470000000 0.3678224175 1
0.1470000000 0.1785515507 0
0.1470000000 0.3678224175 1
0.1470000000 0.1785515507 0
0.1470000000 0.3678224175 1
0.1470000000 0.1785515507 0
0.1470000000 0.3678224175 1
0.1470000000 0.1785515507 0
0.1470000000 0.3678224175 1
0.1470000000 0.1785515507 0
0.1470000000 0.3678224175 1
0.1470000000 0.1785515507 0
0.1470000000 0.3678224175 1
0.1470000000 0.1785515507 0
0.1470000000 0.3678224175 1
0.1470000000 0.1785515507 0
0.1470000000 0.3678224175 1
0.1470000000 0.1785515507 0
0.1470000000 0.3678224175 1
0.1470000000 0.1785515507 0
0.1470000000 0.3678224175 1
0.1470000000 0.1785515507 0
0.1470000000 0.3678224175 1
0.1470000000 0.1785515507 0
0.1470000000 0.3678224175 1
0.1470000000 0.1785515507 0
0.1470000000 0.3678224175 1
0.1470000000 0.1785515507 0
0.1470000000 0.3678224175 1
0.1470000000 0.1785515507 0
0.1470000000 0.3678224175 1
0.1470000000 0.1785515507 0
0.1470000000 0.3678224175 1
0.1470000000 0.1785515507 0
0.1470000000 0.3678224175 1
0.1470000000 0.1785515507 0
0.1470000000 0.3678224175 1
0.1470000000 0.1785515507 0
0.1470000000 0.3678224175 1
0.1470000000 0.1785515507 0
0.1470000000 0.3678224175 1
0.1470000000 0.1785515507 0
0.1470000000 0.3678224175 1
0.1470000000 0.1785515507 0
0.1470000000 0.3678224175 1
0.1470000000 0.1785515507 0
0.1470000000 0.3678224175 1
0.1470000000 0.1785515507 0
0.1470000000 0.3678224175 1
0.1470000000 0.1785515507 0
0.1470000000 0.3678224175 1
0.1470000000 0.1785515507 0
0.1470000000 0.3678224175 1
0.1470000000 0.1785515507 0
0.1470000000 0.3678224175 1
0.1470000000 0.1785515507 0
0.1470000000 0.3678224175 1
0.1470000000 0.1785515507 0
0.1470000000 0.3678224175 1
0.1470000000 0.1785515507 0
