0.1240000000 -0.3873730629
0.1250000000 -0.1338586329
0.1260000000 -0.0115448735
0.1270000000 -0.0737468318
0.1280000000 -0.1411048049
0.1290000000 -0.2147620883
0.1300000000 -0.2963060962
0.1310000000 -0.3880622199
0.1320000000 -0.4936908220
0.1330000000 -0.6196141284
0.1340000000 -0.7793959414
0.1350000000 -1.0165271540
0.1360000000 -1.3862943611
0.1370000000 -1.3862943611
0.1380000000 -1.3862943611
0.1390000000 -1.3862943611
0.1400000000 -1.3862943611
0.1410000000 -1.3862943611
0.1420000000 -1.3862943611
0.1430000000 -1.3862943611
0.1440000000 -1.3862943611
0.1450000000 -1.3862943611
0.1460000000 -1.3862943611
0.1470000000 -1.3862943610
