0 0.2
0.2 0.2
0.2 0.238085
0.238085 0.238085
0.238085 0.172388
0.172388 0.172388
0.172388 0.221283
0.221283 0.221283
0.221283 0.198216
0.198216 0.198216
0.198216 0.215372
0.215372 0.215372
0.215372 0.203492
0.203492 0.203492
0.203492 0.212486
0.212486 0.212486
0.212486 0.205984
0.205984 0.205984
0.205984 0.210879
0.210879 0.210879
0.210879 0.207288
0.207288 0.207288
0.207288 0.209979
0.209979 0.209979
0.209979 0.207992
0.207992 0.207992
0.207992 0.209476
0.209476 0.209476
0.209476 0.208377
0.208377 0.208377
0.208377 0.209196
0.209196 0.209196
0.209196 0.208588
0.208588 0.208588
0.208588 0.209041
0.209041 0.209041
0.209041 0.208704
0.208704 0.208704
0.208704 0.208955
0.208955 0.208955
0.208955 0.208769
0.208769 0.208769
0.208769 0.208907
0.208907 0.208907
0.208907 0.208804
0.208804 0.208804
0.208804 0.208881
0.208881 0.208881
0.208881 0.208824
0.208824 0.208824
0.208824 0.208866
0.208866 0.208866
0.208866 0.208835
0.208835 0.208835
0.208835 0.208858
0.208858 0.208858
0.208858 0.208841
0.208841 0.208841
0.208841 0.208854
0.208854 0.208854
0.208854 0.208844
0.208844 0.208844
0.208844 0.208851
0.208851 0.208851
0.208851 0.208846
0.208846 0.208846
0.208846 0.20885
0.20885 0.20885
0.20885 0.208847
0.208847 0.208847
0.208847 0.208849
0.208849 0.208849
0.208849 0.208847
0.208847 0.208847
0.208847 0.208849
0.208849 0.208849
0.208849 0.208848
0.208848 0.208848
0.208848 0.208848
0.208848 0.208848
0.208848 0.208848
0.208848 0.208848
0.208848 0.208848
0.208848 0.208848
0.208848 0.208848
0.208848 0.208848
0.208848 0.208848
0.208848 0.208848
0.208848 0.208848
0.208848 0.208848
0.208848 0.208848
0.208848 0.208848
0.208848 0.208848
0.208848 0.208848
0.208848 0.208848
0.208848 0.208848
0.208848 0.208848
0.208848 0.208848
0.208848 0.208848
0.208848 0.208848
0.208848 0.208848
0.208848 0.208848
0.208848 0.208848
0.208848 0.208848
0.208848 0.208848
0.208848 0.208848
0.208848 0.208848
0.208848 0.208848
0.208848 0.208848
0.208848 0.208848
0.208848 0.208848
0.208848 0.208848
0.208848 0.208848
0.208848 0.208848
0.208848 0.208848
0.208848 0.208848
0.208848 0.208848
0.208848 0.208848
0.208848 0.208848
0.208848 0.208848
0.208848 0.208848
0.208848 0.208848
0.208848 0.208848
0.208848 0.208848
0.208848 0.208848
0.208848 0.208848
0.208848 0.208848
0.208848 0.208848
0.208848 0.208848
0.208848 0.208848
0.208848 0.208848
0.208848 0.208848
0.208848 0.208848
0.208848 0.208848
0.208848 0.208848
0.208848 0.208848
0.208848 0.208848
0.208848 0.208848
0.208848 0.208848
0.208848 0.208848
0.208848 0.208848
0.208848 0.208848
0.208848 0.208848
0.208848 0.208848
0.208848 0.208848
0.208848 0.208848
0.208848 0.208848
0.208848 0.208848
0.208848 0.208848
0.208848 0.208848
0.208848 0.208848
0.208848 0.208848
0.208848 0.208848
0.208848 0.208848
0.208848 0.208848
0.208848 0.208848
0.208848 0.208848
0.208848 0.208848
0.208848 0.208848
0.208848 0.208848
0.208848 0.208848
0.208848 0.208848
0.208848 0.208848
0.208848 0.208848
0.208848 0.208848
0.208848 0.208848
0.208848 0.208848
0.208848 0.208848
0.208848 0.208848
0.208848 0.208848
0.208848 0.208848
0.208848 0.208848
0.208848 0.208848
0.208848 0.208848
0.208848 0.208848
0.208848 0.208848
0.208848 0.208848
0.208848 0.208848
0.208848 0.208848
0.208848 0.208848
0.208848 0.208848
0.208848 0.208848
0.208848 0.208848
0.208848 0.208848
0.208848 0.208848
0.208848 0.208848
0.208848 0.208848
0.208848 0.208848
0.208848 0.208848
0.208848 0.208848
0.208848 0.208848
0.208848 0.208848
0.208848 0.208848
0.208848 0.208848
0.208848 0.208848
0.208848 0.208848
0.208848 0.208848
0.208848 0.208848
0.208848 0.208848
0.208848 0.208848
