0 -0.115 0
0.01 -0.114994 0
0.02 -0.114976 0
0.03 -0.114946 0
0.04 -0.114904 0
0.05 -0.11485 0
0.06 -0.114784 0
0.07 -0.114706 0
0.08 -0.114616 0
0.09 -0.114514 0
0.1 -0.1144 0
0.11 -0.114275 0
0.12 -0.114137 0
0.13 -0.113987 0
0.14 -0.113826 0
0.15 -0.113653 0
0.16 -0.113467 0
0.17 -0.11327 0
0.18 -0.113061 0
0.19 -0.112841 0
0.2 -0.112608 0
0.21 -0.112364 0
0.22 -0.112108 0
0.23 -0.11184 0
0.24 -0.111561 0
0.25 -0.111269 0
0.26 -0.110967 0
0.27 -0.110653 0
0.28 -0.110327 0
0.29 -0.109989 0
0.3 -0.10964 0
0.31 -0.10928 0
0.32 -0.108908 0
0.33 -0.108525 0
0.34 -0.108131 0
0.35 -0.107725 0
0.36 -0.107308 0
0.37 -0.106879 0
0.38 -0.10644 0
0.39 -0.105989 0
0.4 -0.105527 0
0.41 -0.105054 0
0.42 -0.104571 0
0.43 -0.104076 0
0.44 -0.10357 0
0.45 -0.103054 0
0.46 -0.102526 0
0.47 -0.101988 0
0.48 -0.101439 0
0.49 -0.10088 0
0.5 -0.10031 0
0.51 -0.0997293 0
0.52 -0.0991383 0
0.53 -0.0985368 0
0.54 -0.097925 0
0.55 -0.0973029 0
0.56 -0.0966706 0
0.57 -0.0960281 0
0.58 -0.0953755 0
0.59 -0.0947129 0
0.6 -0.0940403 0
0.61 -0.0933578 0
0.62 -0.0926654 0
0.63 -0.0919633 0
0.64 -0.0912515 0
0.65 -0.0905301 0
0.66 -0.0897991 0
0.67 -0.0890586 0
0.68 -0.0883087 0
0.69 -0.0875495 0
0.7 -0.0867811 0
0.71 -0.0860034 0
0.72 -0.0852167 0
0.73 -0.0844209 0
0.74 -0.0836162 0
0.75 -0.0828027 0
0.76 -0.0819803 0
0.77 -0.0811493 0
0.78 -0.0803096 0
0.79 -0.0794614 0
0.8 -0.0786048 0
0.81 -0.0777398 0
0.82 -0.0768665 0
0.83 -0.0759851 0
0.84 -0.0750955 0
0.85 -0.074198 0
0.86 -0.0732925 0
0.87 -0.0723792 0
0.88 -0.0714581 0
0.89 -0.0705294 0
0.9 -0.0695932 0
0.91 -0.0686495 0
0.92 -0.0676984 0
0.93 -0.0667401 0
0.94 -0.0657746 0
0.95 -0.064802 0
0.96 -0.0638224 0
0.97 -0.0628359 0
0.98 -0.0618427 0
0.99 -0.0608428 0
1 -0.0598363 0
1.01 -0.0588233 0
1.02 -0.0578039 0
1.03 -0.0567783 0
1.04 -0.0557464 0
1.05 -0.0547085 0
1.06 -0.0536646 0
1.07 -0.0526149 0
1.08 -0.0515594 0
1.09 -0.0504982 0
1.1 -0.0494315 0
1.11 -0.0483594 0
1.12 -0.0472819 0
1.13 -0.0461992 0
1.14 -0.0451113 0
1.15 -0.0440185 0
1.16 -0.0429207 0
1.17 -0.0418182 0
1.18 -0.040711 0
1.19 -0.0395992 0
1.2 -0.0384829 0
1.21 -0.0373623 0
1.22 -0.0362375 0
1.23 -0.0351085 0
1.24 -0.0339756 0
1.25 -0.0328387 0
1.26 -0.031698 0
1.27 -0.0305537 0
1.28 -0.0294058 0
1.29 -0.0282545 0
1.3 -0.0270999 0
1.31 -0.025942 0
1.32 -0.0247811 0
1.33 -0.0236171 0
1.34 -0.0224503 0
1.35 -0.0212808 0
1.36 -0.0201086 0
1.37 -0.018934 0
1.38 -0.0177569 0
1.39 -0.0165776 0
1.4 -0.0153961 0
1.41 -0.0142125 0
1.42 -0.0130271 0
1.43 -0.0118398 0
1.44 -0.0106508 0
1.45 -0.00946033 0
1.46 -0.00826837 0
1.47 -0.00707509 0
1.48 -0.00588059 0
1.49 -0.00468501 0
1.5 -0.00348846 0
1.51 -0.00229107 0
1.52 -0.00109294 0
1.53 0.000105799 0
1.54 0.00130502 0
1.55 0.00250462 0
1.56 0.00370447 0
1.57 0.00490444 0
1.58 0.00610443 0
1.59 0.0073043 0
1.6 0.00850394 0
1.61 0.00970324 0
1.62 0.0109021 0
1.63 0.0121003 0
1.64 0.0132978 0
1.65 0.0144945 0
1.66 0.0156903 0
1.67 0.0168849 0
1.68 0.0180784 0
1.69 0.0192706 0
1.7 0.0204613 0
1.71 0.0216505 0
1.72 0.0228381 0
1.73 0.0240238 0
1.74 0.0252077 0
1.75 0.0263895 0
1.76 0.0275692 0
1.77 0.0287467 0
1.78 0.0299217 0
1.79 0.0310943 0
1.8 0.0322643 0
1.81 0.0334315 0
1.82 0.0345959 0
1.83 0.0357573 0
1.84 0.0369157 0
1.85 0.0380708 0
1.86 0.0392227 0
1.87 0.0403711 0
1.88 0.041516 0
1.89 0.0426573 0
1.9 0.0437947 0
1.91 0.0449283 0
1.92 0.046058 0
1.93 0.0471835 0
1.94 0.0483047 0
1.95 0.0494217 0
1.96 0.0505342 0
1.97 0.0524933 1
1.98 0.0548434 1
1.99 0.0571886 1
2 0.0595285 1
2.01 0.061863 1
2.02 0.0641918 1
2.03 0.0665146 1
2.04 0.0688313 1
2.05 0.0711417 1
2.06 0.0734454 1
2.07 0.0757422 1
2.08 0.078032 1
2.09 0.0803145 1
2.1 0.0825895 1
2.11 0.0848567 1
2.12 0.0871159 1
2.13 0.0893669 1
2.14 0.0916095 1
2.15 0.0938434 1
2.16 0.0960684 1
2.17 0.0982843 1
2.18 0.100491 1
2.19 0.102688 1
2.2 0.104875 1
2.21 0.107053 1
2.22 0.10922 1
2.23 0.111376 1
2.24 0.113522 1
2.25 0.115657 1
2.26 0.117782 1
2.27 0.119894 1
2.28 0.121996 1
2.29 0.124085 1
2.3 0.126163 1
2.31 0.128229 1
2.32 0.130282 1
2.33 0.132323 1
2.34 0.134351 1
2.35 0.136366 1
2.36 0.138368 1
2.37 0.140356 1
2.38 0.142331 1
2.39 0.144293 1
2.4 0.14624 1
2.41 0.148174 1
2.42 0.150093 1
2.43 0.151997 1
2.44 0.153887 1
2.45 0.155762 1
2.46 0.157621 1
2.47 0.159466 1
2.48 0.161295 1
2.49 0.163109 1
2.5 0.164906 1
2.51 0.166688 1
2.52 0.168453 1
2.53 0.170203 1
2.54 0.171935 1
2.55 0.173651 1
2.56 0.17535 1
2.57 0.177032 1
2.58 0.178697 1
2.59 0.180345 1
2.6 0.181974 1
2.61 0.183587 1
2.62 0.185181 1
2.63 0.186757 1
2.64 0.188316 1
2.65 0.189856 1
2.66 0.191377 1
2.67 0.19288 1
2.68 0.194364 1
2.69 0.195829 1
2.7 0.197274 1
2.71 0.198701 1
2.72 0.200108 1
2.73 0.201496 1
2.74 0.202864 1
2.75 0.204213 1
2.76 0.205541 1
2.77 0.20685 1
2.78 0.208138 1
2.79 0.209406 1
2.8 0.210653 1
2.81 0.21188 1
2.82 0.213086 1
2.83 0.214272 1
2.84 0.215436 1
2.85 0.21658 1
2.86 0.217702 1
2.87 0.218803 1
2.88 0.219883 1
2.89 0.220941 1
2.9 0.221977 1
2.91 0.222992 1
2.92 0.223985 1
2.93 0.224956 1
2.94 0.225906 1
2.95 0.226833 1
2.96 0.227737 1
2.97 0.22862 1
2.98 0.22948 1
2.99 0.230318 1
3 0.231133 1
3.01 0.231926 1
3.02 0.232696 1
3.03 0.233443 1
3.04 0.234168 1
3.05 0.234869 1
3.06 0.235547 1
3.07 0.236203 1
3.08 0.236835 1
3.09 0.237444 1
3.1 0.23803 1
3.11 0.238592 1
3.12 0.239132 1
3.13 0.239647 1
3.14 0.24014 1
3.15 0.240609 1
3.16 0.241054 1
3.17 0.241475 1
3.18 0.241873 1
3.19 0.242248 1
3.2 0.242598 1
3.21 0.242925 1
3.22 0.243228 1
3.23 0.243507 1
3.24 0.243763 1
3.25 0.243994 1
3.26 0.244202 1
3.27 0.244385 1
3.28 0.244545 1
3.29 0.244681 1
3.3 0.244792 1
3.31 0.24488 1
3.32 0.244944 1
3.33 0.244984 1
3.34 0.245 1
3.35 0.244992 1
3.36 0.244959 1
3.37 0.244903 1
3.38 0.244823 1
3.39 0.244719 1
3.4 0.244591 1
3.41 0.244439 1
3.42 0.244263 1
3.43 0.244063 1
3.44 0.243839 1
3.45 0.243591 1
3.46 0.24332 1
3.47 0.243024 1
3.48 0.242705 1
3.49 0.242362 1
3.5 0.241995 1
3.51 0.241605 1
3.52 0.241191 1
3.53 0.240753 1
3.54 0.240292 1
3.55 0.239807 1
3.56 0.239299 1
3.57 0.238767 1
3.58 0.238212 1
3.59 0.237633 1
3.6 0.237032 1
3.61 0.236407 1
3.62 0.235759 1
3.63 0.235088 1
3.64 0.234393 1
3.65 0.233676 1
3.66 0.232936 1
3.67 0.232174 1
3.68 0.231388 1
3.69 0.23058 1
3.7 0.22975 1
3.71 0.228897 1
3.72 0.228021 1
3.73 0.227123 1
3.74 0.226203 1
3.75 0.225261 1
3.76 0.224297 1
3.77 0.223311 1
3.78 0.222303 1
3.79 0.221273 1
3.8 0.220222 1
3.81 0.219149 1
3.82 0.218055 1
3.83 0.21694 1
3.84 0.215803 1
3.85 0.214645 1
3.86 0.213466 1
3.87 0.212267 1
3.88 0.211046 1
3.89 0.209805 1
3.9 0.208544 1
3.91 0.207262 1
3.92 0.20596 1
3.93 0.204638 1
3.94 0.203296 1
3.95 0.201934 1
3.96 0.200553 1
3.97 0.199152 1
3.98 0.197731 1
3.99 0.196291 1
4 0.194832 1
4.01 0.193354 1
4.02 0.191858 1
4.03 0.190342 1
4.04 0.188808 1
4.05 0.187256 1
4.06 0.185685 1
4.07 0.184097 1
4.08 0.18249 1
4.09 0.180866 1
4.1 0.179224 1
4.11 0.177564 1
4.12 0.175888 1
4.13 0.174194 1
4.14 0.172484 1
4.15 0.170756 1
4.16 0.169012 1
4.17 0.167252 1
4.18 0.165476 1
4.19 0.163683 1
4.2 0.161874 1
4.21 0.16005 1
4.22 0.158211 1
4.23 0.156356 1
4.24 0.154486 1
4.25 0.152601 1
4.26 0.150701 1
4.27 0.148786 1
4.28 0.146858 1
4.29 0.144915 1
4.3 0.142958 1
4.31 0.140987 1
4.32 0.139003 1
4.33 0.137005 1
4.34 0.134994 1
4.35 0.13297 1
4.36 0.130933 1
4.37 0.128884 1
4.38 0.126822 1
4.39 0.124748 1
4.4 0.122663 1
4.41 0.120565 1
4.42 0.118456 1
4.43 0.116335 1
4.44 0.114204 1
4.45 0.112061 1
4.46 0.109908 1
4.47 0.107744 1
4.48 0.10557 1
4.49 0.103386 1
4.5 0.101192 1
4.51 0.0989882 1
4.52 0.0967753 1
4.53 0.0945531 1
4.54 0.092322 1
4.55 0.0900822 1
4.56 0.0878338 1
4.57 0.0855772 1
4.58 0.0833125 1
4.59 0.08104 1
4.6 0.0787599 1
4.61 0.0764724 1
4.62 0.0741778 1
4.63 0.0718762 1
4.64 0.0695679 1
4.65 0.0672532 1
4.66 0.0649323 1
4.67 0.0626054 1
4.68 0.0602727 1
4.69 0.0579345 1
4.7 0.055591 1
4.71 0.0532424 1
4.72 0.050889 1
4.73 0.0485311 1
4.74 0.0461687 1
4.75 0.0438023 1
4.76 0.041432 1
4.77 0.039058 1
4.78 0.0366806 1
4.79 0.0343001 1
4.8 0.0319166 1
4.81 0.0295304 1
4.82 0.0271418 1
4.83 0.024751 1
4.84 0.0223582 1
4.85 0.0199636 1
4.86 0.0175676 1
4.87 0.0151703 1
4.88 0.012772 1
4.89 0.0103729 1
4.9 0.00797328 1
4.91 0.00557335 1
4.92 0.00317337 1
4.93 0.000773574 1
4.94 -0.0016258 1
4.95 -0.00402452 1
4.96 -0.00642233 1
4.97 -0.008819 1
4.98 -0.0112143 1
4.99 -0.013608 1
5 -0.0159998 1
5.01 -0.0183895 1
5.02 -0.0207768 1
5.03 -0.0231616 1
5.04 -0.0255436 1
5.05 -0.0279225 1
5.06 -0.0302981 1
5.07 -0.0326702 1
5.08 -0.0350386 1
5.09 -0.0374029 1
5.1 -0.039763 1
5.11 -0.041466 0
5.12 -0.0425701 0
5.13 -0.0436694 0
5.14 -0.0447638 0
5.15 -0.0458532 0
5.16 -0.0469376 0
5.17 -0.0480167 0
5.18 -0.0490906 0
5.19 -0.0501591 0
5.2 -0.051222 0
5.21 -0.0522793 0
5.22 -0.0533309 0
5.23 -0.0543767 0
5.24 -0.0554165 0
5.25 -0.0564503 0
5.26 -0.0574779 0
5.27 -0.0584993 0
5.28 -0.0595143 0
5.29 -0.0605229 0
5.3 -0.0615249 0
5.31 -0.0625203 0
5.32 -0.0635089 0
5.33 -0.0644907 0
5.34 -0.0654655 0
5.35 -0.0664333 0
5.36 -0.0673939 0
5.37 -0.0683473 0
5.38 -0.0692934 0
5.39 -0.070232 0
5.4 -0.0711631 0
5.41 -0.0720866 0
5.42 -0.0730024 0
5.43 -0.0739104 0
5.44 -0.0748105 0
5.45 -0.0757026 0
5.46 -0.0765867 0
5.47 -0.0774625 0
5.48 -0.0783302 0
5.49 -0.0791895 0
5.5 -0.0800404 0
5.51 -0.0808828 0
5.52 -0.0817165 0
5.53 -0.0825417 0
5.54 -0.083358 0
5.55 -0.0841656 0
5.56 -0.0849642 0
5.57 -0.0857538 0
5.58 -0.0865344 0
5.59 -0.0873057 0
5.6 -0.0880679 0
5.61 -0.0888208 0
5.62 -0.0895642 0
5.63 -0.0902982 0
5.64 -0.0910227 0
5.65 -0.0917376 0
5.66 -0.0924428 0
5.67 -0.0931383 0
5.68 -0.0938239 0
5.69 -0.0944997 0
5.7 -0.0951655 0
5.71 -0.0958213 0
5.72 -0.0964671 0
5.73 -0.0971026 0
5.74 -0.097728 0
5.75 -0.0983431 0
5.76 -0.0989478 0
5.77 -0.0995422 0
5.78 -0.100126 0
5.79 -0.1007 0
5.8 -0.101262 0
5.81 -0.101815 0
5.82 -0.102356 0
5.83 -0.102887 0
5.84 -0.103407 0
5.85 -0.103916 0
5.86 -0.104414 0
5.87 -0.104902 0
5.88 -0.105378 0
5.89 -0.105843 0
5.9 -0.106297 0
5.91 -0.10674 0
5.92 -0.107172 0
5.93 -0.107593 0
5.94 -0.108003 0
5.95 -0.108401 0
5.96 -0.108787 0
5.97 -0.109163 0
5.98 -0.109527 0
5.99 -0.109879 0
6 -0.11022 0
6.01 -0.11055 0
6.02 -0.110868 0
6.03 -0.111174 0
6.04 -0.111469 0
6.05 -0.111752 0
6.06 -0.112024 0
6.07 -0.112283 0
6.08 -0.112531 0
6.09 -0.112768 0
6.1 -0.112992 0
6.11 -0.113205 0
6.12 -0.113406 0
6.13 -0.113595 0
6.14 -0.113772 0
6.15 -0.113937 0
6.16 -0.114091 0
6.17 -0.114232 0
6.18 -0.114362 0
6.19 -0.114479 0
6.2 -0.114585 0
6.21 -0.114679 0
6.22 -0.114761 0
6.23 -0.11483 0
6.24 -0.114888 0
6.25 -0.114934 0
6.26 -0.114968 0
6.27 -0.11499 0
6.28 -0.114999 0
6.29 -0.114997 0
6.3 -0.114983 0
6.31 -0.114957 0
6.32 -0.114919 0
6.33 -0.114869 0
6.34 -0.114806 0
6.35 -0.114732 0
6.36 -0.114646 0
6.37 -0.114548 0
6.38 -0.114438 0
6.39 -0.114316 0
6.4 -0.114182 0
6.41 -0.114036 0
6.42 -0.113879 0
6.43 -0.113709 0
6.44 -0.113528 0
6.45 -0.113334 0
6.46 -0.113129 0
6.47 -0.112912 0
6.48 -0.112683 0
6.49 -0.112443 0
6.5 -0.112191 0
6.51 -0.111927 0
6.52 -0.111651 0
6.53 -0.111363 0
6.54 -0.111064 0
6.55 -0.110754 0
6.56 -0.110432 0
6.57 -0.110098 0
6.58 -0.109753 0
6.59 -0.109396 0
6.6 -0.109028 0
6.61 -0.108648 0
6.62 -0.108257 0
6.63 -0.107855 0
6.64 -0.107442 0
6.65 -0.107017 0
6.66 -0.106581 0
6.67 -0.106134 0
6.68 -0.105676 0
6.69 -0.105206 0
6.7 -0.104726 0
6.71 -0.104235 0
6.72 -0.103732 0
6.73 -0.103219 0
6.74 -0.102695 0
6.75 -0.102161 0
6.76 -0.101615 0
6.77 -0.101059 0
6.78 -0.100493 0
6.79 -0.0999154 0
6.8 -0.0993277 0
6.81 -0.0987296 0
6.82 -0.098121 0
6.83 -0.0975022 0
6.84 -0.0968731 0
6.85 -0.0962339 0
6.86 -0.0955845 0
6.87 -0.094925 0
6.88 -0.0942556 0
6.89 -0.0935762 0
6.9 -0.092887 0
6.91 -0.092188 0
6.92 -0.0914793 0
6.93 -0.0907609 0
6.94 -0.0900329 0
6.95 -0.0892955 0
6.96 -0.0885486 0
6.97 -0.0877924 0
6.98 -0.0870268 0
6.99 -0.0862521 0
7 -0.0854683 0
7.01 -0.0846754 0
7.02 -0.0838735 0
7.03 -0.0830628 0
7.04 -0.0822432 0
7.05 -0.0814149 0
7.06 -0.080578 0
7.07 -0.0797325 0
7.08 -0.0788786 0
7.09 -0.0780162 0
7.1 -0.0771456 0
7.11 -0.0762667 0
7.12 -0.0753798 0
7.13 -0.0744847 0
7.14 -0.0735818 0
7.15 -0.0726709 0
7.16 -0.0717524 0
7.17 -0.0708261 0
7.18 -0.0698922 0
7.19 -0.0689509 0
7.2 -0.0680022 0
7.21 -0.0670461 0
7.22 -0.0660829 0
7.23 -0.0651125 0
7.24 -0.0641352 0
7.25 -0.0631509 0
7.26 -0.0621598 0
7.27 -0.061162 0
7.28 -0.0601576 0
7.29 -0.0591467 0
7.3 -0.0581293 0
7.31 -0.0571056 0
7.32 -0.0560758 0
7.33 -0.0550398 0
7.34 -0.0539978 0
7.35 -0.0529499 0
7.36 -0.0518962 0
7.37 -0.0508369 0
7.38 -0.0497719 0
7.39 -0.0487015 0
7.4 -0.0476257 0
7.41 -0.0465446 0
7.42 -0.0454584 0
7.43 -0.0443671 0
7.44 -0.0432709 0
7.45 -0.0421699 0
7.46 -0.0410642 0
7.47 -0.0399538 0
7.48 -0.038839 0
7.49 -0.0377197 0
7.5 -0.0365962 0
7.51 -0.0354686 0
7.52 -0.0343369 0
7.53 -0.0332012 0
7.54 -0.0320618 0
7.55 -0.0309186 0
7.56 -0.0297718 0
7.57 -0.0286216 0
7.58 -0.027468 0
7.59 -0.0263112 0
7.6 -0.0251512 0
7.61 -0.0239882 0
7.62 -0.0228223 0
7.63 -0.0216536 0
7.64 -0.0204823 0
7.65 -0.0193084 0
7.66 -0.0181321 0
7.67 -0.0169535 0
7.68 -0.0157726 0
7.69 -0.0145897 0
7.7 -0.0134049 0
7.71 -0.0122182 0
7.72 -0.0110297 0
7.73 -0.00983971 0
7.74 -0.0086482 0
7.75 -0.00745532 0
7.76 -0.0062612 0
7.77 -0.00506595 0
7.78 -0.0038697 0
7.79 -0.00267256 0
7.8 -0.00147465 0
7.81 -0.000276095 0
7.82 0.000922989 0
7.83 0.00212248 0
7.84 0.00332226 0
7.85 0.00452221 0
7.86 0.0057222 0
7.87 0.00692212 0
7.88 0.00812185 0
7.89 0.00932127 0
7.9 0.0105203 0
7.91 0.0117187 0
7.92 0.0129165 0
7.93 0.0141134 0
7.94 0.0153095 0
7.95 0.0165045 0
7.96 0.0176984 0
7.97 0.018891 0
7.98 0.0200822 0
7.99 0.0212719 0
8 0.02246 0
8.01 0.0236463 0
8.02 0.0248308 0
8.03 0.0260133 0
8.04 0.0271937 0
8.05 0.0283719 0
8.06 0.0295477 0
8.07 0.0307211 0
8.08 0.0318919 0
8.09 0.03306 0
8.1 0.0342253 0
8.11 0.0353877 0
8.12 0.036547 0
8.13 0.0377032 0
8.14 0.0388562 0
8.15 0.0400057 0
8.16 0.0411517 0
8.17 0.0422941 0
8.18 0.0434328 0
8.19 0.0445677 0
8.2 0.0456986 0
8.21 0.0468254 0
8.22 0.047948 0
8.23 0.0490664 0
8.24 0.0501803 0
8.25 0.0517437 1
8.26 0.0540954 1
8.27 0.0564421 1
8.28 0.0587837 1
8.29 0.06112 1
8.3 0.0634506 1
8.31 0.0657754 1
8.32 0.0680941 1
8.33 0.0704065 1
8.34 0.0727123 1
8.35 0.0750114 1
8.36 0.0773035 1
8.37 0.0795883 1
8.38 0.0818657 1
8.39 0.0841354 1
8.4 0.0863972 1
8.41 0.0886508 1
8.42 0.0908961 1
8.43 0.0931328 1
8.44 0.0953607 1
8.45 0.0975795 1
8.46 0.0997891 1
8.47 0.101989 1
8.48 0.10418 1
8.49 0.10636 1
8.5 0.10853 1
8.51 0.11069 1
8.52 0.11284 1
8.53 0.114979 1
8.54 0.117106 1
8.55 0.119223 1
8.56 0.121328 1
8.57 0.123421 1
8.58 0.125503 1
8.59 0.127572 1
8.6 0.129629 1
8.61 0.131674 1
8.62 0.133706 1
8.63 0.135725 1
8.64 0.137732 1
8.65 0.139724 1
8.66 0.141704 1
8.67 0.14367 1
8.68 0.145621 1
8.69 0.147559 1
8.7 0.149483 1
8.71 0.151392 1
8.72 0.153286 1
8.73 0.155166 1
8.74 0.157031 1
8.75 0.15888 1
8.76 0.160714 1
8.77 0.162533 1
8.78 0.164335 1
8.79 0.166122 1
8.8 0.167893 1
8.81 0.169647 1
8.82 0.171385 1
8.83 0.173106 1
8.84 0.174811 1
8.85 0.176498 1
8.86 0.178169 1
8.87 0.179822 1
8.88 0.181457 1
8.89 0.183075 1
8.9 0.184675 1
8.91 0.186257 1
8.92 0.187821 1
8.93 0.189367 1
8.94 0.190894 1
8.95 0.192403 1
8.96 0.193893 1
8.97 0.195364 1
8.98 0.196816 1
8.99 0.198249 1
9 0.199662 1
9.01 0.201056 1
9.02 0.202431 1
9.03 0.203786 1
9.04 0.20512 1
9.05 0.206435 1
9.06 0.20773 1
9.07 0.209004 1
9.08 0.210258 1
9.09 0.211492 1
9.1 0.212704 1
9.11 0.213896 1
9.12 0.215068 1
9.13 0.216218 1
9.14 0.217347 1
9.15 0.218455 1
9.16 0.219541 1
9.17 0.220606 1
9.18 0.221649 1
9.19 0.222671 1
9.2 0.223671 1
9.21 0.224649 1
9.22 0.225606 1
9.23 0.22654 1
9.24 0.227452 1
9.25 0.228341 1
9.26 0.229209 1
9.27 0.230054 1
9.28 0.230876 1
9.29 0.231676 1
9.3 0.232453 1
9.31 0.233208 1
9.32 0.233939 1
9.33 0.234648 1
9.34 0.235334 1
9.35 0.235997 1
9.36 0.236636 1
9.37 0.237253 1
9.38 0.237846 1
9.39 0.238416 1
9.4 0.238962 1
9.41 0.239486 1
9.42 0.239985 1
9.43 0.240462 1
9.44 0.240914 1
9.45 0.241344 1
9.46 0.241749 1
9.47 0.242131 1
9.48 0.242489 1
9.49 0.242823 1
9.5 0.243134 1
9.51 0.243421 1
9.52 0.243684 1
9.53 0.243923 1
9.54 0.244138 1
9.55 0.244329 1
9.56 0.244497 1
9.57 0.24464 1
9.58 0.244759 1
9.59 0.244855 1
9.6 0.244926 1
9.61 0.244974 1
9.62 0.244997 1
9.63 0.244997 1
9.64 0.244972 1
9.65 0.244924 1
9.66 0.244851 1
9.67 0.244755 1
9.68 0.244634 1
9.69 0.24449 1
9.7 0.244321 1
9.71 0.244129 1
9.72 0.243913 1
9.73 0.243673 1
9.74 0.243409 1
9.75 0.243121 1
9.76 0.242809 1
9.77 0.242474 1
9.78 0.242115 1
9.79 0.241732 1
9.8 0.241325 1
9.81 0.240895 1
9.82 0.240441 1
9.83 0.239964 1
9.84 0.239463 1
9.85 0.238939 1
9.86 0.238391 1
9.87 0.23782 1
9.88 0.237226 1
9.89 0.236608 1
9.9 0.235968 1
9.91 0.235304 1
9.92 0.234617 1
9.93 0.233907 1
9.94 0.233175 1
9.95 0.232419 1
9.96 0.231641 1
9.97 0.23084 1
9.98 0.230017 1
9.99 0.229171 1
10 0.228302 1
10.01 0.227412 1
10.02 0.226499 1
10.03 0.225564 1
10.04 0.224606 1
10.05 0.223627 1
10.06 0.222626 1
10.07 0.221604 1
10.08 0.220559 1
10.09 0.219493 1
10.1 0.218406 1
10.11 0.217297 1
10.12 0.216167 1
10.13 0.215016 1
10.14 0.213844 1
10.15 0.212651 1
10.16 0.211437 1
10.17 0.210203 1
10.18 0.208948 1
10.19 0.207673 1
10.2 0.206377 1
10.21 0.205061 1
10.22 0.203726 1
10.23 0.20237 1
10.24 0.200995 1
10.25 0.1996 1
10.26 0.198186 1
10.27 0.196752 1
10.28 0.195299 1
10.29 0.193827 1
10.3 0.192336 1
10.31 0.190827 1
10.32 0.189299 1
10.33 0.187752 1
10.34 0.186187 1
10.35 0.184605 1
10.36 0.183004 1
10.37 0.181385 1
10.38 0.179749 1
10.39 0.178095 1
10.4 0.176424 1
10.41 0.174736 1
10.42 0.17303 1
10.43 0.171308 1
10.44 0.16957 1
10.45 0.167815 1
10.46 0.166043 1
10.47 0.164256 1
10.48 0.162452 1
10.49 0.160633 1
10.5 0.158798 1
10.51 0.156948 1
10.52 0.155083 1
10.53 0.153203 1
10.54 0.151307 1
10.55 0.149398 1
10.56 0.147474 1
10.57 0.145535 1
10.58 0.143583 1
10.59 0.141616 1
10.6 0.139636 1
10.61 0.137643 1
10.62 0.135636 1
10.63 0.133616 1
10.64 0.131584 1
10.65 0.129538 1
10.66 0.12748 1
10.67 0.12541 1
10.68 0.123328 1
10.69 0.121234 1
10.7 0.119129 1
10.71 0.117012 1
10.72 0.114884 1
10.73 0.112745 1
10.74 0.110595 1
10.75 0.108434 1
10.76 0.106263 1
10.77 0.104083 1
10.78 0.101892 1
10.79 0.0996912 1
10.8 0.0974812 1
10.81 0.0952619 1
10.82 0.0930336 1
10.83 0.0907966 1
10.84 0.0885509 1
10.85 0.0862969 1
10.86 0.0840348 1
10.87 0.0817647 1
10.88 0.079487 1
10.89 0.0772018 1
10.9 0.0749094 1
10.91 0.07261 1
10.92 0.0703039 1
10.93 0.0679912 1
10.94 0.0656723 1
10.95 0.0633472 1
10.96 0.0610163 1
10.97 0.0586799 1
10.98 0.056338 1
10.99 0.0539911 1
11 0.0516392 1
11.01 0.0492826 1
11.02 0.0469217 1
11.03 0.0445565 1
11.04 0.0421874 1
11.05 0.0398146 1
11.06 0.0374382 1
11.07 0.0350587 1
11.08 0.0326761 1
11.09 0.0302908 1
11.1 0.0279029 1
11.11 0.0255128 1
11.12 0.0231206 1
11.13 0.0207266 1
11.14 0.018331 1
11.15 0.015934 1
11.16 0.013536 1
11.17 0.0111372 1
11.18 0.00873768 1
11.19 0.00633782 1
11.2 0.00393783 1
11.21 0.00153795 1
11.22 -0.000861588 1
11.23 -0.00326054 1
11.24 -0.00565866 1
11.25 -0.00805572 1
11.26 -0.0104515 1
11.27 -0.0128457 1
11.28 -0.0152381 1
11.29 -0.0176285 1
11.3 -0.0200166 1
11.31 -0.0224023 1
11.32 -0.0247852 1
11.33 -0.0271651 1
11.34 -0.0295418 1
11.35 -0.031915 1
11.36 -0.0342846 1
11.37 -0.0366502 1
11.38 -0.0390117 1
11.39 -0.0411134 0
11.4 -0.0422189 0
11.41 -0.0433197 0
11.42 -0.0444157 0
11.43 -0.0455067 0
11.44 -0.0465927 0
11.45 -0.0476736 0
11.46 -0.0487491 0
11.47 -0.0498193 0
11.48 -0.050884 0
11.49 -0.0519431 0
11.5 -0.0529966 0
11.51 -0.0540442 0
11.52 -0.0550859 0
11.53 -0.0561216 0
11.54 -0.0571512 0
11.55 -0.0581746 0
11.56 -0.0591917 0
11.57 -0.0602023 0
11.58 -0.0612065 0
11.59 -0.062204 0
11.6 -0.0631948 0
11.61 -0.0641787 0
11.62 -0.0651558 0
11.63 -0.0661258 0
11.64 -0.0670887 0
11.65 -0.0680444 0
11.66 -0.0689929 0
11.67 -0.0699339 0
11.68 -0.0708674 0
11.69 -0.0717933 0
11.7 -0.0727116 0
11.71 -0.073622 0
11.72 -0.0745247 0
11.73 -0.0754193 0
11.74 -0.0763059 0
11.75 -0.0771844 0
11.76 -0.0780547 0
11.77 -0.0789167 0
11.78 -0.0797703 0
11.79 -0.0806154 0
11.8 -0.0814519 0
11.81 -0.0822798 0
11.82 -0.083099 0
11.83 -0.0839093 0
11.84 -0.0847108 0
11.85 -0.0855033 0
11.86 -0.0862867 0
11.87 -0.087061 0
11.88 -0.0878261 0
11.89 -0.088582 0
11.9 -0.0893284 0
11.91 -0.0900655 0
11.92 -0.090793 0
11.93 -0.091511 0
11.94 -0.0922192 0
11.95 -0.0929178 0
11.96 -0.0936066 0
11.97 -0.0942855 0
11.98 -0.0949545 0
11.99 -0.0956135 0
12 -0.0962625 0
12.01 -0.0969013 0
12.02 -0.0975299 0
12.03 -0.0981483 0
12.04 -0.0987563 0
12.05 -0.099354 0
12.06 -0.0999413 0
12.07 -0.100518 0
12.08 -0.101084 0
12.09 -0.10164 0
12.1 -0.102185 0
12.11 -0.102719 0
12.12 -0.103242 0
12.13 -0.103755 0
12.14 -0.104257 0
12.15 -0.104748 0
12.16 -0.105227 0
12.17 -0.105696 0
12.18 -0.106154 0
12.19 -0.106601 0
12.2 -0.107036 0
12.21 -0.10746 0
12.22 -0.107873 0
12.23 -0.108275 0
12.24 -0.108665 0
12.25 -0.109045 0
12.26 -0.109412 0
12.27 -0.109768 0
12.28 -0.110113 0
12.29 -0.110446 0
12.3 -0.110768 0
12.31 -0.111078 0
12.32 -0.111376 0
12.33 -0.111663 0
12.34 -0.111938 0
12.35 -0.112202 0
12.36 -0.112454 0
12.37 -0.112694 0
12.38 -0.112922 0
12.39 -0.113138 0
12.4 -0.113343 0
12.41 -0.113536 0
12.42 -0.113717 0
12.43 -0.113886 0
12.44 -0.114043 0
12.45 -0.114188 0
12.46 -0.114322 0
12.47 -0.114443 0
12.48 -0.114553 0
12.49 -0.11465 0
12.5 -0.114736 0
12.51 -0.114809 0
12.52 -0.114871 0
12.53 -0.114921 0
12.54 -0.114958 0
12.55 -0.114984 0
12.56 -0.114998 0
12.57 -0.114999 0
12.58 -0.114989 0
12.59 -0.114967 0
12.6 -0.114932 0
12.61 -0.114886 0
12.62 -0.114827 0
12.63 -0.114757 0
12.64 -0.114675 0
12.65 -0.114581 0
12.66 -0.114474 0
12.67 -0.114356 0
12.68 -0.114226 0
12.69 -0.114084 0
12.7 -0.11393 0
12.71 -0.113764 0
12.72 -0.113587 0
12.73 -0.113397 0
12.74 -0.113196 0
12.75 -0.112982 0
12.76 -0.112757 0
12.77 -0.112521 0
12.78 -0.112272 0
12.79 -0.112012 0
12.8 -0.11174 0
12.81 -0.111456 0
12.82 -0.111161 0
12.83 -0.110854 0
12.84 -0.110536 0
12.85 -0.110206 0
12.86 -0.109864 0
12.87 -0.109511 0
12.88 -0.109146 0
12.89 -0.10877 0
12.9 -0.108383 0
12.91 -0.107985 0
12.92 -0.107575 0
12.93 -0.107153 0
12.94 -0.106721 0
12.95 -0.106277 0
12.96 -0.105823 0
12.97 -0.105357 0
12.98 -0.10488 0
12.99 -0.104392 0
13 -0.103894 0
13.01 -0.103384 0
13.02 -0.102864 0
13.03 -0.102332 0
13.04 -0.10179 0
13.05 -0.101238 0
13.06 -0.100674 0
13.07 -0.1001 0
13.08 -0.099516 0
13.09 -0.0989212 0
13.1 -0.098316 0
13.11 -0.0977004 0
13.12 -0.0970746 0
13.13 -0.0964386 0
13.14 -0.0957924 0
13.15 -0.0951362 0
13.16 -0.0944699 0
13.17 -0.0937937 0
13.18 -0.0931076 0
13.19 -0.0924117 0
13.2 -0.0917061 0
13.21 -0.0909908 0
13.22 -0.0902659 0
13.23 -0.0895314 0
13.24 -0.0887875 0
13.25 -0.0880343 0
13.26 -0.0872717 0
13.27 -0.0864999 0
13.28 -0.0857189 0
13.29 -0.0849289 0
13.3 -0.0841299 0
13.31 -0.083322 0
13.32 -0.0825052 0
13.33 -0.0816797 0
13.34 -0.0808455 0
13.35 -0.0800028 0
13.36 -0.0791515 0
13.37 -0.0782918 0
13.38 -0.0774238 0
13.39 -0.0765476 0
13.4 -0.0756632 0
13.41 -0.0747707 0
13.42 -0.0738703 0
13.43 -0.0729619 0
13.44 -0.0720458 0
13.45 -0.071122 0
13.46 -0.0701905 0
13.47 -0.0692515 0
13.48 -0.0683052 0
13.49 -0.0673514 0
13.5 -0.0663905 0
13.51 -0.0654224 0
13.52 -0.0644472 0
13.53 -0.0634652 0
13.54 -0.0624762 0
13.55 -0.0614806 0
13.56 -0.0604782 0
13.57 -0.0594694 0
13.58 -0.058454 0
13.59 -0.0574324 0
13.6 -0.0564045 0
13.61 -0.0553704 0
13.62 -0.0543303 0
13.63 -0.0532843 0
13.64 -0.0522325 0
13.65 -0.0511749 0
13.66 -0.0501117 0
13.67 -0.049043 0
13.68 -0.0479689 0
13.69 -0.0468895 0
13.7 -0.0458049 0
13.71 -0.0447153 0
13.72 -0.0436206 0
13.73 -0.0425211 0
13.74 -0.0414169 0
13.75 -0.040308 0
13.76 -0.0391946 0
13.77 -0.0380767 0
13.78 -0.0369546 0
13.79 -0.0358282 0
13.8 -0.0346978 0
13.81 -0.0335634 0
13.82 -0.0324251 0
13.83 -0.0312831 0
13.84 -0.0301375 0
13.85 -0.0289884 0
13.86 -0.0278358 0
13.87 -0.02668 0
13.88 -0.025521 0
13.89 -0.024359 0
13.9 -0.023194 0
13.91 -0.0220262 0
13.92 -0.0208557 0
13.93 -0.0196826 0
13.94 -0.018507 0
13.95 -0.0173291 0
13.96 -0.016149 0
13.97 -0.0149667 0
13.98 -0.0137825 0
13.99 -0.0125964 0
14 -0.0114085 0
14.01 -0.0102189 0
14.02 -0.00902789 0
14.03 -0.00783543 0
14.04 -0.00664169 0
14.05 -0.00544679 0
14.06 -0.00425085 0
14.07 -0.00305397 0
14.08 -0.0018563 0
14.09 -0.000657935 0
14.1 0.000540994 0
14.11 0.00174037 0
14.12 0.00294007 0
14.13 0.00413997 0
14.14 0.00533997 0
14.15 0.00653992 0
14.16 0.00773973 0
14.17 0.00893926 0
14.18 0.0101384 0
14.19 0.011337 0
14.2 0.012535 0
14.21 0.0137322 0
14.22 0.0149286 0
14.23 0.016124 0
14.24 0.0173182 0
14.25 0.0185113 0
14.26 0.0197029 0
14.27 0.0208931 0
14.28 0.0220817 0
14.29 0.0232687 0
14.3 0.0244537 0
14.31 0.0256369 0
14.32 0.0268179 0
14.33 0.0279968 0
14.34 0.0291734 0
14.35 0.0303476 0
14.36 0.0315192 0
14.37 0.0326882 0
14.38 0.0338544 0
14.39 0.0350178 0
14.4 0.0361781 0
14.41 0.0373353 0
14.42 0.0384893 0
14.43 0.0396399 0
14.44 0.0407871 0
14.45 0.0419307 0
14.46 0.0430705 0
14.47 0.0442066 0
14.48 0.0453388 0
14.49 0.0464669 0
14.5 0.0475909 0
14.51 0.0487106 0
14.52 0.049826 0
14.53 0.0509937 1
14.54 0.0533468 1
14.55 0.0556952 1
14.56 0.0580384 1
14.57 0.0603764 1
14.58 0.0627088 1
14.59 0.0650355 1
14.6 0.0673562 1
14.61 0.0696706 1
14.62 0.0719785 1
14.63 0.0742798 1
14.64 0.0765741 1
14.65 0.0788613 1
14.66 0.0811411 1
14.67 0.0834133 1
14.68 0.0856776 1
14.69 0.0879339 1
14.7 0.0901818 1
14.71 0.0924213 1
14.72 0.094652 1
14.73 0.0968737 1
14.74 0.0990863 1
14.75 0.101289 1
14.76 0.103483 1
14.77 0.105667 1
14.78 0.10784 1
14.79 0.110004 1
14.8 0.112156 1
14.81 0.114298 1
14.82 0.11643 1
14.83 0.11855 1
14.84 0.120658 1
14.85 0.122755 1
14.86 0.124841 1
14.87 0.126914 1
14.88 0.128975 1
14.89 0.131024 1
14.9 0.13306 1
14.91 0.135084 1
14.92 0.137094 1
14.93 0.139091 1
14.94 0.141075 1
14.95 0.143045 1
14.96 0.145001 1
14.97 0.146944 1
14.98 0.148872 1
14.99 0.150785 1
15 0.152685 1
15.01 0.154569 1
15.02 0.156438 1
15.03 0.158293 1
15.04 0.160132 1
15.05 0.161955 1
15.06 0.163763 1
15.07 0.165555 1
15.08 0.167331 1
15.09 0.16909 1
15.1 0.170833 1
15.11 0.17256 1
15.12 0.17427 1
15.13 0.175963 1
15.14 0.177638 1
15.15 0.179297 1
15.16 0.180938 1
15.17 0.182562 1
15.18 0.184167 1
15.19 0.185755 1
15.2 0.187325 1
15.21 0.188877 1
15.22 0.19041 1
15.23 0.191924 1
15.24 0.19342 1
15.25 0.194897 1
15.26 0.196356 1
15.27 0.197795 1
15.28 0.199214 1
15.29 0.200614 1
15.3 0.201995 1
15.31 0.203356 1
15.32 0.204697 1
15.33 0.206019 1
15.34 0.20732 1
15.35 0.2086 1
15.36 0.209861 1
15.37 0.211101 1
15.38 0.21232 1
15.39 0.213519 1
15.4 0.214697 1
15.41 0.215854 1
15.42 0.216989 1
15.43 0.218104 1
15.44 0.219197 1
15.45 0.220269 1
15.46 0.221319 1
15.47 0.222348 1
15.48 0.223355 1
15.49 0.22434 1
15.5 0.225303 1
15.51 0.226245 1
15.52 0.227164 1
15.53 0.22806 1
15.54 0.228935 1
15.55 0.229787 1
15.56 0.230617 1
15.57 0.231424 1
15.58 0.232208 1
15.59 0.23297 1
15.6 0.233709 1
15.61 0.234425 1
15.62 0.235118 1
15.63 0.235788 1
15.64 0.236435 1
15.65 0.237059 1
15.66 0.237659 1
15.67 0.238237 1
15.68 0.238791 1
15.69 0.239322 1
15.7 0.239829 1
15.71 0.240313 1
15.72 0.240773 1
15.73 0.24121 1
15.74 0.241623 1
15.75 0.242012 1
15.76 0.242378 1
15.77 0.24272 1
15.78 0.243038 1
15.79 0.243332 1
15.8 0.243603 1
15.81 0.243849 1
15.82 0.244072 1
15.83 0.244271 1
15.84 0.244446 1
15.85 0.244597 1
15.86 0.244724 1
15.87 0.244827 1
15.88 0.244906 1
15.89 0.244961 1
15.9 0.244992 1
15.91 0.245 1
15.92 0.244983 1
15.93 0.244942 1
15.94 0.244877 1
15.95 0.244788 1
15.96 0.244675 1
15.97 0.244538 1
15.98 0.244378 1
15.99 0.244193 1
16 0.243984 1
16.01 0.243752 1
16.02 0.243495 1
16.03 0.243215 1
16.04 0.242911 1
16.05 0.242583 1
16.06 0.242232 1
16.07 0.241856 1
16.08 0.241457 1
16.09 0.241034 1
16.1 0.240588 1
16.11 0.240118 1
16.12 0.239625 1
16.13 0.239108 1
16.14 0.238568 1
16.15 0.238004 1
16.16 0.237418 1
16.17 0.236807 1
16.18 0.236174 1
16.19 0.235518 1
16.2 0.234838 1
16.21 0.234136 1
16.22 0.23341 1
16.23 0.232662 1
16.24 0.231891 1
16.25 0.231098 1
16.26 0.230281 1
16.27 0.229443 1
16.28 0.228581 1
16.29 0.227698 1
16.3 0.226792 1
16.31 0.225864 1
16.32 0.224914 1
16.33 0.223942 1
16.34 0.222948 1
16.35 0.221932 1
16.36 0.220894 1
16.37 0.219835 1
16.38 0.218755 1
16.39 0.217653 1
16.4 0.216529 1
16.41 0.215385 1
16.42 0.21422 1
16.43 0.213033 1
16.44 0.211826 1
16.45 0.210598 1
16.46 0.20935 1
16.47 0.208081 1
16.48 0.206792 1
16.49 0.205483 1
16.5 0.204153 1
16.51 0.202804 1
16.52 0.201435 1
16.53 0.200046 1
16.54 0.198638 1
16.55 0.197211 1
16.56 0.195764 1
16.57 0.194298 1
16.58 0.192813 1
16.59 0.19131 1
16.6 0.189788 1
16.61 0.188247 1
16.62 0.186688 1
16.63 0.185111 1
16.64 0.183516 1
16.65 0.181902 1
16.66 0.180272 1
16.67 0.178624 1
16.68 0.176958 1
16.69 0.175275 1
16.7 0.173575 1
16.71 0.171859 1
16.72 0.170125 1
16.73 0.168375 1
16.74 0.166609 1
16.75 0.164827 1
16.76 0.163028 1
16.77 0.161214 1
16.78 0.159384 1
16.79 0.157539 1
16.8 0.155679 1
16.81 0.153803 1
16.82 0.151913 1
16.83 0.150008 1
16.84 0.148088 1
16.85 0.146154 1
16.86 0.144206 1
16.87 0.142244 1
16.88 0.140268 1
16.89 0.138279 1
16.9 0.136277 1
16.91 0.134261 1
16.92 0.132232 1
16.93 0.130191 1
16.94 0.128137 1
16.95 0.126071 1
16.96 0.123993 1
16.97 0.121903 1
16.98 0.119801 1
16.99 0.117687 1
17 0.115563 1
17.01 0.113427 1
17.02 0.111281 1
17.03 0.109124 1
17.04 0.106956 1
17.05 0.104778 1
17.06 0.102591 1
17.07 0.100393 1
17.08 0.0981861 1
17.09 0.0959698 1
17.1 0.0937444 1
17.11 0.0915101 1
17.12 0.0892671 1
17.13 0.0870158 1
17.14 0.0847562 1
17.15 0.0824886 1
17.16 0.0802133 1
17.17 0.0779305 1
17.18 0.0756404 1
17.19 0.0733432 1
17.2 0.0710392 1
17.21 0.0687286 1
17.22 0.0664116 1
17.23 0.0640885 1
17.24 0.0617594 1
17.25 0.0594247 1
17.26 0.0570845 1
17.27 0.0547392 1
17.28 0.0523888 1
17.29 0.0500338 1
17.3 0.0476742 1
17.31 0.0453103 1
17.32 0.0429424 1
17.33 0.0405708 1
17.34 0.0381955 1
17.35 0.035817 1
17.36 0.0334354 1
17.37 0.0310509 1
17.38 0.0286638 1
17.39 0.0262743 1
17.4 0.0238828 1
17.41 0.0214893 1
17.42 0.0190942 1
17.43 0.0166977 1
17.44 0.0143 1
17.45 0.0119014 1
17.46 0.00950204 1
17.47 0.00710228 1
17.48 0.0047023 1
17.49 0.00230236 1
17.5 -9.7314e-05 1
17.51 -0.00249648 1
17.52 -0.00489489 1
17.53 -0.00729232 1
17.54 -0.00968851 1
17.55 -0.0120832 1
17.56 -0.0144763 1
17.57 -0.0168673 1
17.58 -0.0192562 1
17.59 -0.0216427 1
17.6 -0.0240265 1
17.61 -0.0264074 1
17.62 -0.0287851 1
17.63 -0.0311595 1
17.64 -0.0335302 1
17.65 -0.0358971 1
17.66 -0.03826 1
17.67 -0.0406184 1
17.68 -0.0418673 0
17.69 -0.0429696 0
17.7 -0.0440671 0
17.71 -0.0451598 0
17.72 -0.0462474 0
17.73 -0.0473299 0
17.74 -0.0484071 0
17.75 -0.049479 0
17.76 -0.0505455 0
17.77 -0.0516064 0
17.78 -0.0526616 0
17.79 -0.0537111 0
17.8 -0.0547547 0
17.81 -0.0557924 0
17.82 -0.0568239 0
17.83 -0.0578493 0
17.84 -0.0588684 0
17.85 -0.0598811 0
17.86 -0.0608873 0
17.87 -0.061887 0
17.88 -0.0628799 0
17.89 -0.063866 0
17.9 -0.0648453 0
17.91 -0.0658176 0
17.92 -0.0667828 0
17.93 -0.0677408 0
17.94 -0.0686916 0
17.95 -0.0696349 0
17.96 -0.0705708 0
17.97 -0.0714992 0
17.98 -0.0724199 0
17.99 -0.0733329 0
18 -0.074238 0
18.01 -0.0751352 0
18.02 -0.0760244 0
18.03 -0.0769055 0
18.04 -0.0777784 0
18.05 -0.078643 0
18.06 -0.0794993 0
18.07 -0.0803471 0
18.08 -0.0811864 0
18.09 -0.082017 0
18.1 -0.082839 0
18.11 -0.0836522 0
18.12 -0.0844565 0
18.13 -0.0852518 0
18.14 -0.0860382 0
18.15 -0.0868154 0
18.16 -0.0875834 0
18.17 -0.0883422 0
18.18 -0.0890917 0
18.19 -0.0898317 0
18.2 -0.0905623 0
18.21 -0.0912833 0
18.22 -0.0919947 0
18.23 -0.0926964 0
18.24 -0.0933883 0
18.25 -0.0940704 0
18.26 -0.0947425 0
18.27 -0.0954047 0
18.28 -0.0960569 0
18.29 -0.0966989 0
18.3 -0.0973308 0
18.31 -0.0979524 0
18.32 -0.0985638 0
18.33 -0.0991648 0
18.34 -0.0997553 0
18.35 -0.100335 0
18.36 -0.100905 0
18.37 -0.101464 0
18.38 -0.102012 0
18.39 -0.10255 0
18.4 -0.103077 0
18.41 -0.103593 0
18.42 -0.104098 0
18.43 -0.104592 0
18.44 -0.105076 0
18.45 -0.105548 0
18.46 -0.106009 0
18.47 -0.10646 0
18.48 -0.106899 0
18.49 -0.107326 0
18.5 -0.107743 0
18.51 -0.108148 0
18.52 -0.108542 0
18.53 -0.108925 0
18.54 -0.109296 0
18.55 -0.109656 0
18.56 -0.110004 0
18.57 -0.110341 0
18.58 -0.110667 0
18.59 -0.11098 0
18.6 -0.111283 0
18.61 -0.111573 0
18.62 -0.111852 0
18.63 -0.112119 0
18.64 -0.112375 0
18.65 -0.112619 0
18.66 -0.112851 0
18.67 -0.113071 0
18.68 -0.113279 0
18.69 -0.113476 0
18.7 -0.11366 0
18.71 -0.113833 0
18.72 -0.113994 0
18.73 -0.114143 0
18.74 -0.114281 0
18.75 -0.114406 0
18.76 -0.114519 0
18.77 -0.11462 0
18.78 -0.11471 0
18.79 -0.114787 0
18.8 -0.114853 0
18.81 -0.114906 0
18.82 -0.114948 0
18.83 -0.114977 0
18.84 -0.114995 0
18.85 -0.115 0
18.86 -0.114993 0
18.87 -0.114975 0
18.88 -0.114944 0
18.89 -0.114902 0
18.9 -0.114847 0
18.91 -0.114781 0
18.92 -0.114702 0
18.93 -0.114612 0
18.94 -0.11451 0
18.95 -0.114395 0
18.96 -0.114269 0
18.97 -0.114131 0
18.98 -0.113981 0
18.99 -0.113818 0
19 -0.113645 0
19.01 -0.113459 0
19.02 -0.113261 0
19.03 -0.113052 0
19.04 -0.11283 0
19.05 -0.112597 0
19.06 -0.112353 0
19.07 -0.112096 0
19.08 -0.111828 0
19.09 -0.111548 0
19.1 -0.111256 0
19.11 -0.110953 0
19.12 -0.110638 0
19.13 -0.110312 0
19.14 -0.109974 0
19.15 -0.109625 0
19.16 -0.109264 0
19.17 -0.108891 0
19.18 -0.108508 0
19.19 -0.108113 0
19.2 -0.107706 0
19.21 -0.107289 0
19.22 -0.10686 0
19.23 -0.10642 0
19.24 -0.105969 0
19.25 -0.105507 0
19.26 -0.105033 0
19.27 -0.104549 0
19.28 -0.104054 0
19.29 -0.103547 0
19.3 -0.10303 0
19.31 -0.102503 0
19.32 -0.101964 0
19.33 -0.101415 0
19.34 -0.100855 0
19.35 -0.100284 0
19.36 -0.0997033 0
19.37 -0.0991118 0
19.38 -0.0985099 0
19.39 -0.0978976 0
19.4 -0.0972751 0
19.41 -0.0966423 0
19.42 -0.0959994 0
19.43 -0.0953463 0
19.44 -0.0946832 0
19.45 -0.0940102 0
19.46 -0.0933272 0
19.47 -0.0926344 0
19.48 -0.0919319 0
19.49 -0.0912197 0
19.5 -0.0904978 0
19.51 -0.0897664 0
19.52 -0.0890255 0
19.53 -0.0882752 0
19.54 -0.0875156 0
19.55 -0.0867467 0
19.56 -0.0859687 0
19.57 -0.0851815 0
19.58 -0.0843854 0
19.59 -0.0835803 0
19.6 -0.0827663 0
19.61 -0.0819436 0
19.62 -0.0811122 0
19.63 -0.0802721 0
19.64 -0.0794236 0
19.65 -0.0785666 0
19.66 -0.0777012 0
19.67 -0.0768276 0
19.68 -0.0759458 0
19.69 -0.0750558 0
19.7 -0.0741579 0
19.71 -0.0732521 0
19.72 -0.0723384 0
19.73 -0.0714171 0
19.74 -0.070488 0
19.75 -0.0695514 0
19.76 -0.0686074 0
19.77 -0.067656 0
19.78 -0.0666974 0
19.79 -0.0657315 0
19.8 -0.0647586 0
19.81 -0.0637787 0
19.82 -0.062792 0
19.83 -0.0617984 0
19.84 -0.0607982 0
19.85 -0.0597914 0
19.86 -0.0587782 0
19.87 -0.0577585 0
19.88 -0.0567326 0
19.89 -0.0557005 0
19.9 -0.0546623 0
19.91 -0.0536182 0
19.92 -0.0525682 0
19.93 -0.0515124 0
19.94 -0.050451 0
19.95 -0.049384 0
19.96 -0.0483116 0
19.97 -0.0472339 0
19.98 -0.046151 0
19.99 -0.0450629 0
20 -0.0439698 0
20.01 -0.0428719 0
20.02 -0.0417691 0
20.03 -0.0406617 0
20.04 -0.0395497 0
20.05 -0.0384333 0
20.06 -0.0373125 0
20.07 -0.0361874 0
20.08 -0.0350583 0
20.09 -0.0339252 0
20.1 -0.0327881 0
20.11 -0.0316473 0
20.12 -0.0305028 0
20.13 -0.0293548 0
20.14 -0.0282033 0
20.15 -0.0270485 0
20.16 -0.0258905 0
20.17 -0.0247294 0
20.18 -0.0235654 0
20.19 -0.0223985 0
20.2 -0.0212288 0
20.21 -0.0200565 0
20.22 -0.0188817 0
20.23 -0.0177046 0
20.24 -0.0165251 0
20.25 -0.0153435 0
20.26 -0.0141599 0
20.27 -0.0129744 0
20.28 -0.011787 0
20.29 -0.010598 0
20.3 -0.00940743 0
20.31 -0.00821541 0
20.32 -0.00702207 0
20.33 -0.00582752 0
20.34 -0.0046319 0
20.35 -0.00343531 0
20.36 -0.00223787 0
20.37 -0.00103972 0
20.38 0.000159044 0
20.39 0.00135829 0
20.4 0.0025579 0
20.41 0.00375775 0
20.42 0.00495773 0
20.43 0.00615771 0
20.44 0.00735758 0
20.45 0.00855721 0
20.46 0.00975648 0
20.47 0.0109553 0
20.48 0.0121535 0
20.49 0.013351 0
20.5 0.0145476 0
20.51 0.0157433 0
20.52 0.016938 0
20.53 0.0181314 0
20.54 0.0193235 0
20.55 0.0205142 0
20.56 0.0217033 0
20.57 0.0228908 0
20.58 0.0240765 0
20.59 0.0252602 0
20.6 0.026442 0
20.61 0.0276216 0
20.62 0.0287989 0
20.63 0.0299738 0
20.64 0.0311463 0
20.65 0.0323161 0
20.66 0.0334833 0
20.67 0.0346475 0
20.68 0.0358088 0
20.69 0.036967 0
20.7 0.0381221 0
20.71 0.0392738 0
20.72 0.040422 0
20.73 0.0415668 0
20.74 0.0427079 0
20.75 0.0438452 0
20.76 0.0449786 0
20.77 0.046108 0
20.78 0.0472333 0
20.79 0.0483544 0
20.8 0.0494712 0
20.81 0.0505835 0
20.82 0.0525978 1
20.83 0.0549477 1
20.84 0.0572926 1
20.85 0.0596323 1
20.86 0.0619665 1
20.87 0.064295 1
20.88 0.0666176 1
20.89 0.0689341 1
20.9 0.0712441 1
20.91 0.0735475 1
20.92 0.0758441 1
20.93 0.0781336 1
20.94 0.0804157 1
20.95 0.0826903 1
20.96 0.0849572 1
20.97 0.0872161 1
20.98 0.0894667 1
20.99 0.0917089 1
21 0.0939424 1
21.01 0.096167 1
21.02 0.0983825 1
21.03 0.100589 1
21.04 0.102785 1
21.05 0.104972 1
21.06 0.107149 1
21.07 0.109316 1
21.08 0.111472 1
21.09 0.113617 1
21.1 0.115752 1
21.11 0.117876 1
21.12 0.119988 1
21.13 0.122089 1
21.14 0.124178 1
21.15 0.126255 1
21.16 0.12832 1
21.17 0.130373 1
21.18 0.132413 1
21.19 0.134441 1
21.2 0.136455 1
21.21 0.138456 1
21.22 0.140444 1
21.23 0.142419 1
21.24 0.14438 1
21.25 0.146326 1
21.26 0.148259 1
21.27 0.150177 1
21.28 0.152081 1
21.29 0.15397 1
21.3 0.155845 1
21.31 0.157704 1
21.32 0.159548 1
21.33 0.161376 1
21.34 0.163189 1
21.35 0.164986 1
21.36 0.166767 1
21.37 0.168531 1
21.38 0.17028 1
21.39 0.172012 1
21.4 0.173727 1
21.41 0.175425 1
21.42 0.177107 1
21.43 0.178771 1
21.44 0.180417 1
21.45 0.182046 1
21.46 0.183658 1
21.47 0.185251 1
21.48 0.186827 1
21.49 0.188384 1
21.5 0.189923 1
21.51 0.191444 1
21.52 0.192946 1
21.53 0.194429 1
21.54 0.195893 1
21.55 0.197338 1
21.56 0.198764 1
21.57 0.200171 1
21.58 0.201557 1
21.59 0.202925 1
21.6 0.204272 1
21.61 0.2056 1
21.62 0.206907 1
21.63 0.208195 1
21.64 0.209462 1
21.65 0.210708 1
21.66 0.211934 1
21.67 0.213139 1
21.68 0.214324 1
21.69 0.215488 1
21.7 0.21663 1
21.71 0.217751 1
21.72 0.218851 1
21.73 0.21993 1
21.74 0.220987 1
21.75 0.222023 1
21.76 0.223037 1
21.77 0.224029 1
21.78 0.224999 1
21.79 0.225947 1
21.8 0.226873 1
21.81 0.227777 1
21.82 0.228659 1
21.83 0.229518 1
21.84 0.230355 1
21.85 0.231169 1
21.86 0.231961 1
21.87 0.23273 1
21.88 0.233476 1
21.89 0.234199 1
21.9 0.2349 1
21.91 0.235577 1
21.92 0.236231 1
21.93 0.236863 1
21.94 0.237471 1
21.95 0.238055 1
21.96 0.238617 1
21.97 0.239155 1
21.98 0.23967 1
21.99 0.240161 1
22 0.240629 1
22.01 0.241073 1
22.02 0.241494 1
22.03 0.24189 1
22.04 0.242264 1
22.05 0.242613 1
22.06 0.242939 1
22.07 0.243241 1
22.08 0.243519 1
22.09 0.243773 1
22.1 0.244004 1
22.11 0.24421 1
22.12 0.244393 1
22.13 0.244551 1
22.14 0.244686 1
22.15 0.244797 1
22.16 0.244884 1
22.17 0.244946 1
22.18 0.244985 1
22.19 0.245 1
22.2 0.244991 1
22.21 0.244957 1
22.22 0.2449 1
22.23 0.244819 1
22.24 0.244714 1
22.25 0.244585 1
22.26 0.244431 1
22.27 0.244254 1
22.28 0.244053 1
22.29 0.243828 1
22.3 0.24358 1
22.31 0.243307 1
22.32 0.24301 1
22.33 0.24269 1
22.34 0.242346 1
22.35 0.241978 1
22.36 0.241587 1
22.37 0.241172 1
22.38 0.240733 1
22.39 0.240271 1
22.4 0.239785 1
22.41 0.239275 1
22.42 0.238743 1
22.43 0.238186 1
22.44 0.237607 1
22.45 0.237004 1
22.46 0.236378 1
22.47 0.235729 1
22.48 0.235057 1
22.49 0.234362 1
22.5 0.233644 1
22.51 0.232903 1
22.52 0.232139 1
22.53 0.231353 1
22.54 0.230544 1
22.55 0.229712 1
22.56 0.228858 1
22.57 0.227982 1
22.58 0.227083 1
22.59 0.226162 1
22.6 0.225219 1
22.61 0.224254 1
22.62 0.223267 1
22.63 0.222258 1
22.64 0.221227 1
22.65 0.220175 1
22.66 0.219101 1
22.67 0.218006 1
22.68 0.216889 1
22.69 0.215752 1
22.7 0.214593 1
22.71 0.213413 1
22.72 0.212213 1
22.73 0.210992 1
22.74 0.20975 1
22.75 0.208488 1
22.76 0.207205 1
22.77 0.205902 1
22.78 0.204579 1
22.79 0.203236 1
22.8 0.201873 1
22.81 0.200491 1
22.82 0.199089 1
22.83 0.197667 1
22.84 0.196227 1
22.85 0.194767 1
22.86 0.193288 1
22.87 0.191791 1
22.88 0.190274 1
22.89 0.18874 1
22.9 0.187186 1
22.91 0.185615 1
22.92 0.184026 1
22.93 0.182418 1
22.94 0.180793 1
22.95 0.17915 1
22.96 0.17749 1
22.97 0.175813 1
22.98 0.174119 1
22.99 0.172407 1
23 0.170679 1
23.01 0.168935 1
23.02 0.167173 1
23.03 0.165396 1
23.04 0.163603 1
23.05 0.161794 1
23.06 0.159969 1
23.07 0.158129 1
23.08 0.156273 1
23.09 0.154402 1
23.1 0.152517 1
23.11 0.150616 1
23.12 0.148701 1
23.13 0.146772 1
23.14 0.144828 1
23.15 0.142871 1
23.16 0.140899 1
23.17 0.138914 1
23.18 0.136916 1
23.19 0.134904 1
23.2 0.13288 1
23.21 0.130843 1
23.22 0.128793 1
23.23 0.126731 1
23.24 0.124656 1
23.25 0.12257 1
23.26 0.120472 1
23.27 0.118362 1
23.28 0.116241 1
23.29 0.114109 1
23.3 0.111966 1
23.31 0.109812 1
23.32 0.107648 1
23.33 0.105473 1
23.34 0.103289 1
23.35 0.101094 1
23.36 0.0988902 1
23.37 0.0966768 1
23.38 0.0944542 1
23.39 0.0922227 1
23.4 0.0899825 1
23.41 0.0877338 1
23.42 0.0854768 1
23.43 0.0832118 1
23.44 0.0809389 1
23.45 0.0786585 1
23.46 0.0763706 1
23.47 0.0740757 1
23.48 0.0717738 1
23.49 0.0694653 1
23.5 0.0671503 1
23.51 0.0648291 1
23.52 0.0625019 1
23.53 0.060169 1
23.54 0.0578305 1
23.55 0.0554868 1
23.56 0.053138 1
23.57 0.0507844 1
23.58 0.0484263 1
23.59 0.0460637 1
23.6 0.0436971 1
23.61 0.0413266 1
23.62 0.0389525 1
23.63 0.036575 1
23.64 0.0341943 1
23.65 0.0318107 1
23.66 0.0294244 1
23.67 0.0270357 1
23.68 0.0246448 1
23.69 0.0222519 1
23.7 0.0198573 1
23.71 0.0174612 1
23.72 0.0150638 1
23.73 0.0126655 1
23.74 0.0102664 1
23.75 0.00786671 1
23.76 0.00546678 1
23.77 0.0030668 1
23.78 0.000667012 1
23.79 -0.00173234 1
23.8 -0.00413102 1
23.81 -0.00652879 1
23.82 -0.0089254 1
23.83 -0.0113206 1
23.84 -0.0137142 1
23.85 -0.0161059 1
23.86 -0.0184955 1
23.87 -0.0208828 1
23.88 -0.0232675 1
23.89 -0.0256493 1
23.9 -0.0280281 1
23.91 -0.0304035 1
23.92 -0.0327755 1
23.93 -0.0351436 1
23.94 -0.0375078 1
23.95 -0.0398677 1
23.96 -0.0415151 0
23.97 -0.042619 0
23.98 -0.0437181 0
23.99 -0.0448123 0
24 -0.0459015 0
24.01 -0.0469856 0
24.02 -0.0480645 0
24.03 -0.0491382 0
24.04 -0.0502064 0
24.05 -0.0512691 0
24.06 -0.0523261 0
24.07 -0.0533775 0
24.08 -0.054423 0
24.09 -0.0554625 0
24.1 -0.056496 0
24.11 -0.0575234 0
24.12 -0.0585445 0
24.13 -0.0595592 0
24.14 -0.0605675 0
24.15 -0.0615693 0
24.16 -0.0625643 0
24.17 -0.0635527 0
24.18 -0.0645341 0
24.19 -0.0655087 0
24.2 -0.0664761 0
24.21 -0.0674364 0
24.22 -0.0683895 0
24.23 -0.0693352 0
24.24 -0.0702735 0
24.25 -0.0712043 0
24.26 -0.0721275 0
24.27 -0.0730429 0
24.28 -0.0739505 0
24.29 -0.0748503 0
24.3 -0.075742 0
24.31 -0.0766257 0
24.32 -0.0775012 0
24.33 -0.0783685 0
24.34 -0.0792275 0
24.35 -0.080078 0
24.36 -0.08092 0
24.37 -0.0817534 0
24.38 -0.0825781 0
24.39 -0.0833941 0
24.4 -0.0842012 0
24.41 -0.0849994 0
24.42 -0.0857887 0
24.43 -0.0865688 0
24.44 -0.0873398 0
24.45 -0.0881015 0
24.46 -0.088854 0
24.47 -0.089597 0
24.48 -0.0903306 0
24.49 -0.0910547 0
24.5 -0.0917691 0
24.51 -0.0924739 0
24.52 -0.0931689 0
24.53 -0.0938542 0
24.54 -0.0945295 0
24.55 -0.0951949 0
24.56 -0.0958502 0
24.57 -0.0964955 0
24.58 -0.0971306 0
24.59 -0.0977555 0
24.6 -0.0983702 0
24.61 -0.0989745 0
24.62 -0.0995684 0
24.63 -0.100152 0
24.64 -0.100725 0
24.65 -0.101287 0
24.66 -0.101839 0
24.67 -0.10238 0
24.68 -0.10291 0
24.69 -0.10343 0
24.7 -0.103938 0
24.71 -0.104436 0
24.72 -0.104923 0
24.73 -0.105399 0
24.74 -0.105864 0
24.75 -0.106317 0
24.76 -0.10676 0
24.77 -0.107191 0
24.78 -0.107612 0
24.79 -0.10802 0
24.8 -0.108418 0
24.81 -0.108804 0
24.82 -0.109179 0
24.83 -0.109543 0
24.84 -0.109895 0
24.85 -0.110235 0
24.86 -0.110564 0
24.87 -0.110882 0
24.88 -0.111188 0
24.89 -0.111482 0
24.9 -0.111765 0
24.91 -0.112035 0
24.92 -0.112295 0
24.93 -0.112542 0
24.94 -0.112778 0
24.95 -0.113002 0
24.96 -0.113214 0
24.97 -0.113414 0
24.98 -0.113603 0
24.99 -0.11378 0
25 -0.113944 0
25.01 -0.114097 0
25.02 -0.114238 0
25.03 -0.114367 0
25.04 -0.114484 0
25.05 -0.114589 0
25.06 -0.114683 0
25.07 -0.114764 0
25.08 -0.114833 0
25.09 -0.11489 0
25.1 -0.114936 0
25.11 -0.114969 0
25.12 -0.11499 0
25.13 -0.115 0
25.14 -0.114997 0
25.15 -0.114982 0
25.16 -0.114955 0
25.17 -0.114917 0
25.18 -0.114866 0
25.19 -0.114803 0
25.2 -0.114729 0
25.21 -0.114642 0
25.22 -0.114543 0
25.23 -0.114433 0
25.24 -0.11431 0
25.25 -0.114176 0
25.26 -0.11403 0
25.27 -0.113871 0
25.28 -0.113701 0
25.29 -0.113519 0
25.3 -0.113325 0
25.31 -0.11312 0
25.32 -0.112902 0
25.33 -0.112673 0
25.34 -0.112432 0
25.35 -0.112179 0
25.36 -0.111915 0
25.37 -0.111638 0
25.38 -0.11135 0
25.39 -0.111051 0
25.4 -0.11074 0
25.41 -0.110417 0
25.42 -0.110083 0
25.43 -0.109737 0
25.44 -0.10938 0
25.45 -0.109011 0
25.46 -0.108631 0
25.47 -0.10824 0
25.48 -0.107837 0
25.49 -0.107423 0
25.5 -0.106998 0
25.51 -0.106561 0
25.52 -0.106114 0
25.53 -0.105655 0
25.54 -0.105185 0
25.55 -0.104704 0
25.56 -0.104213 0
25.57 -0.10371 0
25.58 -0.103196 0
25.59 -0.102672 0
25.6 -0.102137 0
25.61 -0.101591 0
25.62 -0.101034 0
25.63 -0.100467 0
25.64 -0.0998895 0
25.65 -0.0993014 0
25.66 -0.0987028 0
25.67 -0.0980938 0
25.68 -0.0974745 0
25.69 -0.096845 0
25.7 -0.0962052 0
25.71 -0.0955554 0
25.72 -0.0948955 0
25.73 -0.0942256 0
25.74 -0.0935458 0
25.75 -0.0928562 0
25.76 -0.0921567 0
25.77 -0.0914476 0
25.78 -0.0907288 0
25.79 -0.0900004 0
25.8 -0.0892625 0
25.81 -0.0885152 0
25.82 -0.0877586 0
25.83 -0.0869926 0
25.84 -0.0862175 0
25.85 -0.0854333 0
25.86 -0.08464 0
25.87 -0.0838377 0
25.88 -0.0830266 0
25.89 -0.0822066 0
25.9 -0.0813779 0
25.91 -0.0805406 0
25.92 -0.0796948 0
25.93 -0.0788405 0
25.94 -0.0779778 0
25.95 -0.0771067 0
25.96 -0.0762275 0
25.97 -0.0753402 0
25.98 -0.0744448 0
25.99 -0.0735415 0
26 -0.0726303 0
26.01 -0.0717114 0
26.02 -0.0707848 0
26.03 -0.0698506 0
26.04 -0.0689089 0
26.05 -0.0679599 0
26.06 -0.0670035 0
26.07 -0.0660399 0
26.08 -0.0650693 0
26.09 -0.0640916 0
26.1 -0.063107 0
26.11 -0.0621156 0
26.12 -0.0611175 0
26.13 -0.0601128 0
26.14 -0.0591016 0
26.15 -0.058084 0
26.16 -0.05706 0
26.17 -0.0560299 0
26.18 -0.0549936 0
26.19 -0.0539514 0
26.2 -0.0529032 0
26.21 -0.0518493 0
26.22 -0.0507897 0
26.23 -0.0497245 0
26.24 -0.0486538 0
26.25 -0.0475778 0
26.26 -0.0464965 0
26.27 -0.04541 0
26.28 -0.0443186 0
26.29 -0.0432221 0
26.3 -0.0421209 0
26.31 -0.041015 0
26.32 -0.0399044 0
26.33 -0.0387894 0
26.34 -0.0376699 0
26.35 -0.0365462 0
26.36 -0.0354184 0
26.37 -0.0342865 0
26.38 -0.0331507 0
26.39 -0.0320111 0
26.4 -0.0308677 0
26.41 -0.0297208 0
26.42 -0.0285704 0
26.43 -0.0274167 0
26.44 -0.0262597 0
26.45 -0.0250996 0
26.46 -0.0239365 0
26.47 -0.0227705 0
26.48 -0.0216017 0
26.49 -0.0204302 0
26.5 -0.0192562 0
26.51 -0.0180798 0
26.52 -0.0169011 0
26.53 -0.0157201 0
26.54 -0.0145371 0
26.55 -0.0133522 0
26.56 -0.0121654 0
26.57 -0.0109769 0
26.58 -0.00978683 0
26.59 -0.00859525 0
26.6 -0.00740232 0
26.61 -0.00620815 0
26.62 -0.00501285 0
26.63 -0.00381656 0
26.64 -0.00261938 0
26.65 -0.00142144 0
26.66 -0.000222856 0
26.67 0.000976248 0
26.68 0.00217575 0
26.69 0.00337554 0
26.7 0.00457549 0
26.71 0.00577549 0
26.72 0.0069754 0
26.73 0.00817512 0
26.74 0.00937452 0
26.75 0.0105735 0
26.76 0.0117719 0
26.77 0.0129696 0
26.78 0.0141666 0
26.79 0.0153626 0
26.8 0.0165576 0
26.81 0.0177514 0
26.82 0.0189439 0
26.83 0.0201351 0
26.84 0.0213247 0
26.85 0.0225127 0
26.86 0.023699 0
26.87 0.0248834 0
26.88 0.0260658 0
26.89 0.0272461 0
26.9 0.0284241 0
26.91 0.0295999 0
26.92 0.0307731 0
26.93 0.0319438 0
26.94 0.0331118 0
26.95 0.034277 0
26.96 0.0354392 0
26.97 0.0365984 0
26.98 0.0377545 0
26.99 0.0389073 0
27 0.0400567 0
27.01 0.0412025 0
27.02 0.0423448 0
27.03 0.0434833 0
27.04 0.044618 0
27.05 0.0457487 0
27.06 0.0468753 0
27.07 0.0479978 0
27.08 0.049116 0
27.09 0.0502297 0
27.1 0.0518483 1
27.11 0.0541997 1
27.12 0.0565462 1
27.13 0.0588876 1
27.14 0.0612236 1
27.15 0.063554 1
27.16 0.0658785 1
27.17 0.0681969 1
27.18 0.070509 1
27.19 0.0728145 1
27.2 0.0751133 1
27.21 0.0774051 1
27.22 0.0796896 1
27.23 0.0819666 1
27.24 0.084236 1
27.25 0.0864974 1
27.26 0.0887507 1
27.27 0.0909956 1
27.28 0.0932319 1
27.29 0.0954594 1
27.3 0.0976778 1
27.31 0.099887 1
27.32 0.102087 1
27.33 0.104277 1
27.34 0.106457 1
27.35 0.108627 1
27.36 0.110786 1
27.37 0.112935 1
27.38 0.115073 1
27.39 0.1172 1
27.4 0.119316 1
27.41 0.121421 1
27.42 0.123514 1
27.43 0.125595 1
27.44 0.127664 1
27.45 0.12972 1
27.46 0.131765 1
27.47 0.133796 1
27.48 0.135815 1
27.49 0.13782 1
27.5 0.139813 1
27.51 0.141791 1
27.52 0.143757 1
27.53 0.145708 1
27.54 0.147645 1
27.55 0.149568 1
27.56 0.151476 1
27.57 0.15337 1
27.58 0.155249 1
27.59 0.157113 1
27.6 0.158962 1
27.61 0.160795 1
27.62 0.162613 1
27.63 0.164415 1
27.64 0.166201 1
27.65 0.167971 1
27.66 0.169725 1
27.67 0.171462 1
27.68 0.173182 1
27.69 0.174886 1
27.7 0.176573 1
27.71 0.178242 1
27.72 0.179895 1
27.73 0.181529 1
27.74 0.183147 1
27.75 0.184746 1
27.76 0.186327 1
27.77 0.18789 1
27.78 0.189435 1
27.79 0.190962 1
27.8 0.19247 1
27.81 0.193959 1
27.82 0.195429 1
27.83 0.19688 1
27.84 0.198312 1
27.85 0.199725 1
27.86 0.201118 1
27.87 0.202491 1
27.88 0.203845 1
27.89 0.205179 1
27.9 0.206493 1
27.91 0.207787 1
27.92 0.20906 1
27.93 0.210313 1
27.94 0.211546 1
27.95 0.212758 1
27.96 0.213949 1
27.97 0.215119 1
27.98 0.216268 1
27.99 0.217396 1
28 0.218503 1
28.01 0.219589 1
28.02 0.220653 1
28.03 0.221695 1
28.04 0.222716 1
28.05 0.223715 1
28.06 0.224692 1
28.07 0.225648 1
28.08 0.226581 1
28.09 0.227492 1
28.1 0.22838 1
28.11 0.229247 1
28.12 0.230091 1
28.13 0.230912 1
28.14 0.231711 1
28.15 0.232487 1
28.16 0.233241 1
28.17 0.233971 1
28.18 0.234679 1
28.19 0.235364 1
28.2 0.236025 1
28.21 0.236664 1
28.22 0.237279 1
28.23 0.237872 1
28.24 0.238441 1
28.25 0.238986 1
28.26 0.239508 1
28.27 0.240007 1
28.28 0.240482 1
28.29 0.240934 1
28.3 0.241362 1
28.31 0.241767 1
28.32 0.242147 1
28.33 0.242504 1
28.34 0.242838 1
28.35 0.243147 1
28.36 0.243433 1
28.37 0.243695 1
28.38 0.243933 1
28.39 0.244147 1
28.4 0.244337 1
28.41 0.244504 1
28.42 0.244646 1
28.43 0.244764 1
28.44 0.244859 1
28.45 0.244929 1
28.46 0.244975 1
28.47 0.244998 1
28.48 0.244996 1
28.49 0.244971 1
28.5 0.244921 1
28.51 0.244847 1
28.52 0.24475 1
28.53 0.244628 1
28.54 0.244483 1
28.55 0.244313 1
28.56 0.24412 1
28.57 0.243903 1
28.58 0.243661 1
28.59 0.243396 1
28.6 0.243107 1
28.61 0.242795 1
28.62 0.242458 1
28.63 0.242098 1
28.64 0.241714 1
28.65 0.241306 1
28.66 0.240875 1
28.67 0.24042 1
28.68 0.239942 1
28.69 0.23944 1
28.7 0.238915 1
28.71 0.238366 1
28.72 0.237794 1
28.73 0.237199 1
28.74 0.23658 1
28.75 0.235939 1
28.76 0.235274 1
28.77 0.234586 1
28.78 0.233875 1
28.79 0.233142 1
28.8 0.232385 1
28.81 0.231606 1
28.82 0.230804 1
28.83 0.22998 1
28.84 0.229133 1
28.85 0.228263 1
28.86 0.227372 1
28.87 0.226458 1
28.88 0.225522 1
28.89 0.224563 1
28.9 0.223583 1
28.91 0.222581 1
28.92 0.221558 1
28.93 0.220512 1
28.94 0.219445 1
28.95 0.218357 1
28.96 0.217247 1
28.97 0.216117 1
28.98 0.214964 1
28.99 0.213791 1
29 0.212598 1
29.01 0.211383 1
29.02 0.210148 1
29.03 0.208892 1
29.04 0.207616 1
29.05 0.206319 1
29.06 0.205003 1
29.07 0.203666 1
29.08 0.20231 1
29.09 0.200933 1
29.1 0.199538 1
29.11 0.198122 1
29.12 0.196688 1
29.13 0.195234 1
29.14 0.193761 1
29.15 0.19227 1
29.16 0.190759 1
29.17 0.18923 1
29.18 0.187683 1
29.19 0.186118 1
29.2 0.184534 1
29.21 0.182932 1
29.22 0.181313 1
29.23 0.179676 1
29.24 0.178021 1
29.25 0.176349 1
29.26 0.17466 1
29.27 0.172954 1
29.28 0.171231 1
29.29 0.169492 1
29.3 0.167736 1
29.31 0.165964 1
29.32 0.164176 1
29.33 0.162372 1
29.34 0.160552 1
29.35 0.158717 1
29.36 0.156866 1
29.37 0.155 1
29.38 0.153119 1
29.39 0.151223 1
29.4 0.149313 1
29.41 0.147388 1
29.42 0.145449 1
29.43 0.143496 1
29.44 0.141529 1
29.45 0.139548 1
29.46 0.137554 1
29.47 0.135547 1
29.48 0.133526 1
29.49 0.131493 1
29.5 0.129447 1
29.51 0.127389 1
29.52 0.125318 1
29.53 0.123236 1
29.54 0.121141 1
29.55 0.119035 1
29.56 0.116918 1
29.57 0.114789 1
29.58 0.112649 1
29.59 0.110499 1
29.6 0.108338 1
29.61 0.106167 1
29.62 0.103985 1
29.63 0.101794 1
29.64 0.0995932 1
29.65 0.0973828 1
29.66 0.0951632 1
29.67 0.0929345 1
29.68 0.090697 1
29.69 0.088451 1
29.7 0.0861966 1
29.71 0.0839341 1
29.72 0.0816637 1
29.73 0.0793857 1
29.74 0.0771002 1
29.75 0.0748075 1
29.76 0.0725078 1
29.77 0.0702013 1
29.78 0.0678884 1
29.79 0.0655691 1
29.8 0.0632438 1
29.81 0.0609127 1
29.82 0.058576 1
29.83 0.0562339 1
29.84 0.0538867 1
29.85 0.0515346 1
29.86 0.0491779 1
29.87 0.0468167 1
29.88 0.0444514 1
29.89 0.0420821 1
29.9 0.0397091 1
29.91 0.0373326 1
29.92 0.0349529 1
29.93 0.0325702 1
29.94 0.0301848 1
29.95 0.0277968 1
29.96 0.0254066 1
29.97 0.0230143 1
29.98 0.0206202 1
29.99 0.0182245 1
30 0.0158276 1
30.01 0.0134295 1
30.02 0.0110306 1
30.03 0.00863111 1
30.04 0.00623124 1
30.05 0.00383125 1
30.06 0.00143138 1
30.07 -0.000968135 1
30.08 -0.00336705 1
30.09 -0.00576514 1
30.1 -0.00816214 1
30.11 -0.0105578 1
30.12 -0.012952 1
30.13 -0.0153443 1
30.14 -0.0177346 1
30.15 -0.0201226 1
30.16 -0.0225082 1
30.17 -0.0248909 1
30.18 -0.0272707 1
30.19 -0.0296473 1
30.2 -0.0320203 1
30.21 -0.0343897 1
30.22 -0.0367552 1
30.23 -0.0391165 1
30.24 -0.0411626 0
30.25 -0.0422679 0
30.26 -0.0433685 0
30.27 -0.0444643 0
30.28 -0.0455551 0
30.29 -0.0466408 0
30.3 -0.0477214 0
30.31 -0.0487968 0
30.32 -0.0498667 0
30.33 -0.0509312 0
30.34 -0.05199 0
30.35 -0.0530432 0
30.36 -0.0540906 0
30.37 -0.055132 0
30.38 -0.0561675 0
30.39 -0.0571968 0
30.4 -0.0582199 0
30.41 -0.0592367 0
30.42 -0.0602471 0
30.43 -0.0612509 0
30.44 -0.0622481 0
30.45 -0.0632386 0
30.46 -0.0642223 0
30.47 -0.065199 0
30.48 -0.0661687 0
30.49 -0.0671313 0
30.5 -0.0680867 0
30.51 -0.0690348 0
30.52 -0.0699755 0
30.53 -0.0709087 0
30.54 -0.0718343 0
30.55 -0.0727522 0
30.56 -0.0736623 0
30.57 -0.0745646 0
30.58 -0.0754589 0
30.59 -0.0763451 0
30.6 -0.0772233 0
30.61 -0.0780932 0
30.62 -0.0789548 0
30.63 -0.079808 0
30.64 -0.0806527 0
30.65 -0.0814888 0
30.66 -0.0823164 0
30.67 -0.0831351 0
30.68 -0.0839451 0
30.69 -0.0847462 0
30.7 -0.0855383 0
30.71 -0.0863213 0
30.72 -0.0870952 0
30.73 -0.0878599 0
30.74 -0.0886153 0
30.75 -0.0893614 0
30.76 -0.090098 0
30.77 -0.0908251 0
30.78 -0.0915426 0
30.79 -0.0922505 0
30.8 -0.0929486 0
30.81 -0.093637 0
30.82 -0.0943155 0
30.83 -0.094984 0
30.84 -0.0956426 0
30.85 -0.0962911 0
30.86 -0.0969294 0
30.87 -0.0975576 0
30.88 -0.0981755 0
30.89 -0.0987831 0
30.9 -0.0993803 0
30.91 -0.0999671 0
30.92 -0.100543 0
30.93 -0.101109 0
30.94 -0.101664 0
30.95 -0.102209 0
30.96 -0.102742 0
30.97 -0.103265 0
30.98 -0.103778 0
30.99 -0.104279 0
31 -0.104769 0
31.01 -0.105248 0
31.02 -0.105717 0
31.03 -0.106174 0
31.04 -0.10662 0
31.05 -0.107055 0
31.06 -0.107479 0
31.07 -0.107891 0
31.08 -0.108293 0
31.09 -0.108683 0
31.1 -0.109061 0
31.11 -0.109428 0
31.12 -0.109784 0
31.13 -0.110128 0
31.14 -0.110461 0
31.15 -0.110782 0
31.16 -0.111091 0
31.17 -0.111389 0
31.18 -0.111676 0
31.19 -0.11195 0
31.2 -0.112213 0
31.21 -0.112465 0
31.22 -0.112704 0
31.23 -0.112932 0
31.24 -0.113148 0
31.25 -0.113352 0
31.26 -0.113544 0
31.27 -0.113725 0
31.28 -0.113893 0
31.29 -0.11405 0
31.3 -0.114195 0
31.31 -0.114327 0
31.32 -0.114448 0
31.33 -0.114557 0
31.34 -0.114654 0
31.35 -0.114739 0
31.36 -0.114812 0
31.37 -0.114873 0
31.38 -0.114923 0
31.39 -0.11496 0
31.4 -0.114985 0
31.41 -0.114998 0
31.42 -0.114999 0
31.43 -0.114988 0
31.44 -0.114965 0
31.45 -0.11493 0
31.46 -0.114883 0
31.47 -0.114825 0
31.48 -0.114754 0
31.49 -0.114671 0
31.5 -0.114576 0
31.51 -0.114469 0
31.52 -0.114351 0
31.53 -0.11422 0
31.54 -0.114078 0
31.55 -0.113923 0
31.56 -0.113757 0
31.57 -0.113578 0
31.58 -0.113388 0
31.59 -0.113186 0
31.6 -0.112973 0
31.61 -0.112747 0
31.62 -0.11251 0
31.63 -0.112261 0
31.64 -0.112 0
31.65 -0.111728 0
31.66 -0.111443 0
31.67 -0.111148 0
31.68 -0.11084 0
31.69 -0.110521 0
31.7 -0.110191 0
31.71 -0.109849 0
31.72 -0.109495 0
31.73 -0.10913 0
31.74 -0.108754 0
31.75 -0.108366 0
31.76 -0.107967 0
31.77 -0.107556 0
31.78 -0.107134 0
31.79 -0.106702 0
31.8 -0.106258 0
31.81 -0.105802 0
31.82 -0.105336 0
31.83 -0.104859 0
31.84 -0.10437 0
31.85 -0.103871 0
31.86 -0.103361 0
31.87 -0.10284 0
31.88 -0.102308 0
31.89 -0.101766 0
31.9 -0.101213 0
31.91 -0.100649 0
31.92 -0.100075 0
31.93 -0.0994898 0
31.94 -0.0988946 0
31.95 -0.0982889 0
31.96 -0.0976729 0
31.97 -0.0970466 0
31.98 -0.0964101 0
31.99 -0.0957635 0
32 -0.0951068 0
32.01 -0.0944401 0
32.02 -0.0937634 0
32.03 -0.0930769 0
32.04 -0.0923806 0
32.05 -0.0916745 0
32.06 -0.0909588 0
32.07 -0.0902334 0
32.08 -0.0894986 0
32.09 -0.0887543 0
32.1 -0.0880006 0
32.11 -0.0872376 0
32.12 -0.0864654 0
32.13 -0.085684 0
32.14 -0.0848936 0
32.15 -0.0840942 0
32.16 -0.0832859 0
32.17 -0.0824687 0
32.18 -0.0816428 0
32.19 -0.0808083 0
32.2 -0.0799651 0
32.21 -0.0791135 0
32.22 -0.0782535 0
32.23 -0.0773851 0
32.24 -0.0765085 0
32.25 -0.0756237 0
32.26 -0.0747309 0
32.27 -0.0738301 0
32.28 -0.0729214 0
32.29 -0.0720049 0
32.3 -0.0710808 0
32.31 -0.070149 0
32.32 -0.0692097 0
32.33 -0.068263 0
32.34 -0.0673089 0
32.35 -0.0663476 0
32.36 -0.0653792 0
32.37 -0.0644038 0
32.38 -0.0634214 0
32.39 -0.0624322 0
32.4 -0.0614362 0
32.41 -0.0604336 0
32.42 -0.0594244 0
32.43 -0.0584088 0
32.44 -0.0573869 0
32.45 -0.0563587 0
32.46 -0.0553244 0
32.47 -0.054284 0
32.48 -0.0532377 0
32.49 -0.0521856 0
32.5 -0.0511278 0
32.51 -0.0500644 0
32.52 -0.0489954 0
32.53 -0.0479211 0
32.54 -0.0468415 0
32.55 -0.0457567 0
32.56 -0.0446668 0
32.57 -0.0435719 0
32.58 -0.0424722 0
32.59 -0.0413677 0
32.6 -0.0402586 0
32.61 -0.039145 0
32.62 -0.038027 0
32.63 -0.0369046 0
32.64 -0.0357781 0
32.65 -0.0346475 0
32.66 -0.0335129 0
32.67 -0.0323745 0
32.68 -0.0312323 0
32.69 -0.0300865 0
32.7 -0.0289372 0
32.71 -0.0277846 0
32.72 -0.0266286 0
32.73 -0.0254695 0
32.74 -0.0243073 0
32.75 -0.0231422 0
32.76 -0.0219743 0
32.77 -0.0208036 0
32.78 -0.0196304 0
32.79 -0.0184548 0
32.8 -0.0172768 0
32.81 -0.0160965 0
32.82 -0.0149142 0
32.83 -0.0137298 0
32.84 -0.0125436 0
32.85 -0.0113557 0
32.86 -0.0101661 0
32.87 -0.00897496 0
32.88 -0.00778245 0
32.89 -0.00658865 0
32.9 -0.0053937 0
32.91 -0.00419771 0
32.92 -0.0030008 0
32.93 -0.00180309 0
32.94 -0.000604704 0
32.95 0.000594247 0
32.96 0.00179364 0
32.97 0.00299335 0
32.98 0.00419326 0
32.99 0.00539326 0
33 0.00659321 0
33.01 0.007793 0
33.02 0.00899252 0
33.03 0.0101916 0
33.04 0.0113902 0
33.05 0.0125882 0
33.06 0.0137854 0
33.07 0.0149817 0
33.08 0.016177 0
33.09 0.0173712 0
33.1 0.0185642 0
33.11 0.0197558 0
33.12 0.020946 0
33.13 0.0221345 0
33.14 0.0233213 0
33.15 0.0245063 0
33.16 0.0256894 0
33.17 0.0268703 0
33.18 0.0280491 0
33.19 0.0292256 0
33.2 0.0303997 0
33.21 0.0315712 0
33.22 0.0327401 0
33.23 0.0339061 0
33.24 0.0350693 0
33.25 0.0362295 0
33.26 0.0373866 0
33.27 0.0385404 0
33.28 0.0396909 0
33.29 0.0408379 0
33.3 0.0419814 0
33.31 0.0431211 0
33.32 0.044257 0
33.33 0.045389 0
33.34 0.0465169 0
33.35 0.0476407 0
33.36 0.0487603 0
33.37 0.0498754 0
33.38 0.0510982 1
33.39 0.0534512 1
33.4 0.0557993 1
33.41 0.0581424 1
33.42 0.0604801 1
33.43 0.0628123 1
33.44 0.0651387 1
33.45 0.0674591 1
33.46 0.0697732 1
33.47 0.0720809 1
33.48 0.0743818 1
33.49 0.0766759 1
33.5 0.0789627 1
33.51 0.0812422 1
33.52 0.083514 1
33.53 0.085778 1
33.54 0.0880339 1
33.55 0.0902815 1
33.56 0.0925205 1
33.57 0.0947508 1
33.58 0.0969722 1
33.59 0.0991843 1
33.6 0.101387 1
33.61 0.10358 1
33.62 0.105763 1
33.63 0.107937 1
33.64 0.110099 1
33.65 0.112252 1
33.66 0.114393 1
33.67 0.116524 1
33.68 0.118644 1
33.69 0.120752 1
33.7 0.122848 1
33.71 0.124933 1
33.72 0.127006 1
33.73 0.129067 1
33.74 0.131115 1
33.75 0.13315 1
33.76 0.135173 1
33.77 0.137183 1
33.78 0.139179 1
33.79 0.141163 1
33.8 0.143132 1
33.81 0.145088 1
33.82 0.14703 1
33.83 0.148957 1
33.84 0.15087 1
33.85 0.152769 1
33.86 0.154652 1
33.87 0.156521 1
33.88 0.158375 1
33.89 0.160213 1
33.9 0.162036 1
33.91 0.163843 1
33.92 0.165634 1
33.93 0.167409 1
33.94 0.169168 1
33.95 0.17091 1
33.96 0.172636 1
33.97 0.174345 1
33.98 0.176037 1
33.99 0.177713 1
34 0.17937 1
34.01 0.181011 1
34.02 0.182633 1
34.03 0.184238 1
34.04 0.185825 1
34.05 0.187394 1
34.06 0.188945 1
34.07 0.190477 1
34.08 0.191991 1
34.09 0.193486 1
34.1 0.194963 1
34.11 0.19642 1
34.12 0.197858 1
34.13 0.199277 1
34.14 0.200676 1
34.15 0.202056 1
34.16 0.203416 1
34.17 0.204756 1
34.18 0.206077 1
34.19 0.207377 1
34.2 0.208657 1
34.21 0.209916 1
34.22 0.211156 1
34.23 0.212374 1
34.24 0.213572 1
34.25 0.214749 1
34.26 0.215905 1
34.27 0.217039 1
34.28 0.218153 1
34.29 0.219245 1
34.3 0.220316 1
34.31 0.221366 1
34.32 0.222393 1
34.33 0.223399 1
34.34 0.224383 1
34.35 0.225346 1
34.36 0.226286 1
34.37 0.227204 1
34.38 0.2281 1
34.39 0.228973 1
34.4 0.229824 1
34.41 0.230653 1
34.42 0.231459 1
34.43 0.232242 1
34.44 0.233003 1
34.45 0.233741 1
34.46 0.234456 1
34.47 0.235148 1
34.48 0.235817 1
34.49 0.236463 1
34.5 0.237086 1
34.51 0.237686 1
34.52 0.238262 1
34.53 0.238815 1
34.54 0.239345 1
34.55 0.239851 1
34.56 0.240334 1
34.57 0.240793 1
34.58 0.241228 1
34.59 0.24164 1
34.6 0.242029 1
34.61 0.242393 1
34.62 0.242734 1
34.63 0.243051 1
34.64 0.243345 1
34.65 0.243614 1
34.66 0.24386 1
34.67 0.244081 1
34.68 0.244279 1
34.69 0.244453 1
34.7 0.244603 1
34.71 0.244729 1
34.72 0.244831 1
34.73 0.244909 1
34.74 0.244963 1
34.75 0.244993 1
34.76 0.244999 1
34.77 0.244981 1
34.78 0.244939 1
34.79 0.244873 1
34.8 0.244783 1
34.81 0.24467 1
34.82 0.244532 1
34.83 0.24437 1
34.84 0.244184 1
34.85 0.243974 1
34.86 0.243741 1
34.87 0.243483 1
34.88 0.243202 1
34.89 0.242897 1
34.9 0.242568 1
34.91 0.242215 1
34.92 0.241839 1
34.93 0.241439 1
34.94 0.241015 1
34.95 0.240568 1
34.96 0.240097 1
34.97 0.239603 1
34.98 0.239085 1
34.99 0.238543 1
35 0.237979 1
35.01 0.237391 1
35.02 0.23678 1
35.03 0.236145 1
35.04 0.235488 1
35.05 0.234808 1
35.06 0.234104 1
35.07 0.233378 1
35.08 0.232629 1
35.09 0.231857 1
35.1 0.231062 1
35.11 0.230245 1
35.12 0.229405 1
35.13 0.228543 1
35.14 0.227658 1
35.15 0.226751 1
35.16 0.225822 1
35.17 0.224871 1
35.18 0.223898 1
35.19 0.222903 1
35.2 0.221886 1
35.21 0.220848 1
35.22 0.219788 1
35.23 0.218706 1
35.24 0.217603 1
35.25 0.216479 1
35.26 0.215334 1
35.27 0.214167 1
35.28 0.21298 1
35.29 0.211772 1
35.3 0.210543 1
35.31 0.209294 1
35.32 0.208024 1
35.33 0.206734 1
35.34 0.205424 1
35.35 0.204094 1
35.36 0.202744 1
35.37 0.201374 1
35.38 0.199984 1
35.39 0.198575 1
35.4 0.197147 1
35.41 0.195699 1
35.42 0.194233 1
35.43 0.192747 1
35.44 0.191242 1
35.45 0.189719 1
35.46 0.188178 1
35.47 0.186618 1
35.48 0.18504 1
35.49 0.183444 1
35.5 0.18183 1
35.51 0.180199 1
35.52 0.17855 1
35.53 0.176884 1
35.54 0.1752 1
35.55 0.173499 1
35.56 0.171782 1
35.57 0.170048 1
35.58 0.168297 1
35.59 0.16653 1
35.6 0.164747 1
35.61 0.162948 1
35.62 0.161133 1
35.63 0.159303 1
35.64 0.157457 1
35.65 0.155596 1
35.66 0.15372 1
35.67 0.151828 1
35.68 0.149923 1
35.69 0.148002 1
35.7 0.146068 1
35.71 0.144119 1
35.72 0.142157 1
35.73 0.14018 1
35.74 0.138191 1
35.75 0.136187 1
35.76 0.134171 1
35.77 0.132142 1
35.78 0.1301 1
35.79 0.128046 1
35.8 0.125979 1
35.81 0.1239 1
35.82 0.12181 1
35.83 0.119707 1
35.84 0.117593 1
35.85 0.115468 1
35.86 0.113332 1
35.87 0.111185 1
35.88 0.109028 1
35.89 0.10686 1
35.9 0.104681 1
35.91 0.102493 1
35.92 0.100295 1
35.93 0.0980879 1
35.94 0.0958712 1
35.95 0.0936453 1
35.96 0.0914107 1
35.97 0.0891673 1
35.98 0.0869156 1
35.99 0.0846557 1
36 0.0823878 1
36.01 0.0801121 1
36.02 0.077829 1
36.03 0.0755385 1
36.04 0.073241 1
36.05 0.0709367 1
36.06 0.0686258 1
36.07 0.0663086 1
36.08 0.0639852 1
36.09 0.0616559 1
36.1 0.0593209 1
36.11 0.0569805 1
36.12 0.0546349 1
36.13 0.0522844 1
36.14 0.0499291 1
36.15 0.0475693 1
36.16 0.0452053 1
36.17 0.0428372 1
36.18 0.0404654 1
36.19 0.03809 1
36.2 0.0357113 1
36.21 0.0333295 1
36.22 0.0309449 1
36.23 0.0285577 1
36.24 0.0261682 1
36.25 0.0237765 1
36.26 0.021383 1
36.27 0.0189878 1
36.28 0.0165912 1
36.29 0.0141935 1
36.3 0.0117948 1
36.31 0.00939548 1
36.32 0.0069957 1
36.33 0.00459572 1
36.34 0.00219579 1
36.35 -0.000203868 1
36.36 -0.002603 1
36.37 -0.00500138 1
36.38 -0.00739875 1
36.39 -0.00979489 1
36.4 -0.0121895 1
36.41 -0.0145825 1
36.42 -0.0169735 1
36.43 -0.0193622 1
36.44 -0.0217486 1
36.45 -0.0241323 1
36.46 -0.026513 1
36.47 -0.0288906 1
36.48 -0.0312648 1
36.49 -0.0336354 1
36.5 -0.0360022 1
36.51 -0.0383648 1
36.52 -0.0407231 1
36.53 -0.0419163 0
36.54 -0.0430184 0
36.55 -0.0441158 0
36.56 -0.0452082 0
36.57 -0.0462955 0
36.58 -0.0473778 0
36.59 -0.0484548 0
36.6 -0.0495265 0
36.61 -0.0505927 0
36.62 -0.0516534 0
36.63 -0.0527084 0
36.64 -0.0537576 0
36.65 -0.054801 0
36.66 -0.0558383 0
36.67 -0.0568696 0
36.68 -0.0578947 0
36.69 -0.0589135 0
36.7 -0.0599259 0
36.71 -0.0609319 0
36.72 -0.0619312 0
36.73 -0.0629238 0
36.74 -0.0639097 0
36.75 -0.0648886 0
36.76 -0.0658606 0
36.77 -0.0668255 0
36.78 -0.0677832 0
36.79 -0.0687336 0
36.8 -0.0696767 0
36.81 -0.0706122 0
36.82 -0.0715403 0
36.83 -0.0724606 0
36.84 -0.0733732 0
36.85 -0.074278 0
36.86 -0.0751749 0
36.87 -0.0760637 0
36.88 -0.0769444 0
36.89 -0.077817 0
36.9 -0.0786812 0
36.91 -0.0795371 0
36.92 -0.0803845 0
36.93 -0.0812234 0
36.94 -0.0820537 0
36.95 -0.0828753 0
36.96 -0.0836881 0
36.97 -0.084492 0
36.98 -0.0852869 0
36.99 -0.0860729 0
37 -0.0868497 0
37.01 -0.0876173 0
37.02 -0.0883757 0
37.03 -0.0891247 0
37.04 -0.0898644 0
37.05 -0.0905945 0
37.06 -0.0913151 0
37.07 -0.0920261 0
37.08 -0.0927273 0
37.09 -0.0934188 0
37.1 -0.0941004 0
37.11 -0.0947721 0
37.12 -0.0954339 0
37.13 -0.0960856 0
37.14 -0.0967272 0
37.15 -0.0973586 0
37.16 -0.0979798 0
37.17 -0.0985907 0
37.18 -0.0991912 0
37.19 -0.0997813 0
37.2 -0.100361 0
37.21 -0.10093 0
37.22 -0.101489 0
37.23 -0.102036 0
37.24 -0.102574 0
37.25 -0.1031 0
37.26 -0.103616 0
37.27 -0.10412 0
37.28 -0.104614 0
37.29 -0.105097 0
37.3 -0.105569 0
37.31 -0.10603 0
37.32 -0.106479 0
37.33 -0.106918 0
37.34 -0.107345 0
37.35 -0.107761 0
37.36 -0.108166 0
37.37 -0.10856 0
37.38 -0.108942 0
37.39 -0.109312 0
37.4 -0.109672 0
37.41 -0.11002 0
37.42 -0.110356 0
37.43 -0.110681 0
37.44 -0.110994 0
37.45 -0.111296 0
37.46 -0.111586 0
37.47 -0.111864 0
37.48 -0.112131 0
37.49 -0.112386 0
37.5 -0.112629 0
37.51 -0.112861 0
37.52 -0.11308 0
37.53 -0.113288 0
37.54 -0.113484 0
37.55 -0.113668 0
37.56 -0.113841 0
37.57 -0.114001 0
37.58 -0.11415 0
37.59 -0.114286 0
37.6 -0.114411 0
37.61 -0.114524 0
37.62 -0.114625 0
37.63 -0.114714 0
37.64 -0.11479 0
37.65 -0.114855 0
37.66 -0.114908 0
37.67 -0.114949 0
37.68 -0.114978 0
37.69 -0.114995 0
37.7 -0.115 0
37.71 -0.114993 0
37.72 -0.114974 0
37.73 -0.114943 0
37.74 -0.1149 0
37.75 -0.114845 0
37.76 -0.114778 0
37.77 -0.114699 0
37.78 -0.114608 0
37.79 -0.114505 0
37.8 -0.11439 0
37.81 -0.114263 0
37.82 -0.114124 0
37.83 -0.113974 0
37.84 -0.113811 0
37.85 -0.113637 0
37.86 -0.11345 0
37.87 -0.113252 0
37.88 -0.113042 0
37.89 -0.11282 0
37.9 -0.112587 0
37.91 -0.112341 0
37.92 -0.112084 0
37.93 -0.111816 0
37.94 -0.111535 0
37.95 -0.111243 0
37.96 -0.110939 0
37.97 -0.110624 0
37.98 -0.110297 0
37.99 -0.109959 0
38 -0.109609 0
38.01 -0.109247 0
38.02 -0.108875 0
38.03 -0.108491 0
38.04 -0.108095 0
38.05 -0.107688 0
38.06 -0.10727 0
38.07 -0.106841 0
38.08 -0.1064 0
38.09 -0.105949 0
38.1 -0.105486 0
38.11 -0.105012 0
38.12 -0.104527 0
38.13 -0.104031 0
38.14 -0.103525 0
38.15 -0.103007 0
38.16 -0.102479 0
38.17 -0.10194 0
38.18 -0.10139 0
38.19 -0.10083 0
38.2 -0.100259 0
38.21 -0.0996773 0
38.22 -0.0990853 0
38.23 -0.0984829 0
38.24 -0.0978702 0
38.25 -0.0972472 0
38.26 -0.096614 0
38.27 -0.0959706 0
38.28 -0.0953171 0
38.29 -0.0946535 0
38.3 -0.0939801 0
38.31 -0.0932967 0
38.32 -0.0926035 0
38.33 -0.0919005 0
38.34 -0.0911878 0
38.35 -0.0904655 0
38.36 -0.0897337 0
38.37 -0.0889924 0
38.38 -0.0882417 0
38.39 -0.0874816 0
38.4 -0.0867124 0
38.41 -0.0859339 0
38.42 -0.0851464 0
38.43 -0.0843498 0
38.44 -0.0835443 0
38.45 -0.08273 0
38.46 -0.0819069 0
38.47 -0.0810751 0
38.48 -0.0802346 0
38.49 -0.0793857 0
38.5 -0.0785283 0
38.51 -0.0776626 0
38.52 -0.0767886 0
38.53 -0.0759064 0
38.54 -0.0750161 0
38.55 -0.0741179 0
38.56 -0.0732117 0
38.57 -0.0722977 0
38.58 -0.071376 0
38.59 -0.0704466 0
38.6 -0.0695097 0
38.61 -0.0685653 0
38.62 -0.0676136 0
38.63 -0.0666546 0
38.64 -0.0656885 0
38.65 -0.0647153 0
38.66 -0.0637351 0
38.67 -0.062748 0
38.68 -0.0617542 0
38.69 -0.0607537 0
38.7 -0.0597466 0
38.71 -0.058733 0
38.72 -0.0577131 0
38.73 -0.0566869 0
38.74 -0.0556545 0
38.75 -0.0546161 0
38.76 -0.0535717 0
38.77 -0.0525214 0
38.78 -0.0514654 0
38.79 -0.0504037 0
38.8 -0.0493365 0
38.81 -0.0482639 0
38.82 -0.0471859 0
38.83 -0.0461028 0
38.84 -0.0450145 0
38.85 -0.0439212 0
38.86 -0.042823 0
38.87 -0.0417201 0
38.88 -0.0406124 0
38.89 -0.0395002 0
38.9 -0.0383836 0
38.91 -0.0372626 0
38.92 -0.0361374 0
38.93 -0.0350081 0
38.94 -0.0338747 0
38.95 -0.0327375 0
38.96 -0.0315965 0
38.97 -0.0304519 0
38.98 -0.0293037 0
38.99 -0.0281521 0
39 -0.0269972 0
39.01 -0.025839 0
39.02 -0.0246778 0
39.03 -0.0235136 0
39.04 -0.0223466 0
39.05 -0.0211768 0
39.06 -0.0200044 0
39.07 -0.0188295 0
39.08 -0.0176522 0
39.09 -0.0164727 0
39.1 -0.015291 0
39.11 -0.0141073 0
39.12 -0.0129217 0
39.13 -0.0117343 0
39.14 -0.0105452 0
39.15 -0.00935452 0
39.16 -0.00816244 0
39.17 -0.00696905 0
39.18 -0.00577445 0
39.19 -0.00457878 0
39.2 -0.00338215 0
39.21 -0.00218468 0
39.22 -0.000986494 0
39.23 0.000212291 0
39.24 0.00141155 0
39.25 0.00261118 0
39.26 0.00381104 0
39.27 0.00501102 0
39.28 0.006211 0
39.29 0.00741086 0
39.3 0.00861047 0
39.31 0.00980973 0
39.32 0.0110085 0
39.33 0.0122067 0
39.34 0.0134041 0
39.35 0.0146007 0
39.36 0.0157964 0
39.37 0.016991 0
39.38 0.0181843 0
39.39 0.0193764 0
39.4 0.020567 0
39.41 0.0217561 0
39.42 0.0229435 0
39.43 0.0241291 0
39.44 0.0253127 0
39.45 0.0264944 0
39.46 0.0276739 0
39.47 0.0288511 0
39.48 0.030026 0
39.49 0.0311983 0
39.5 0.032368 0
39.51 0.033535 0
39.52 0.0346992 0
39.53 0.0358603 0
39.54 0.0370184 0
39.55 0.0381733 0
39.56 0.0393248 0
39.57 0.040473 0
39.58 0.0416175 0
39.59 0.0427584 0
39.6 0.0438956 0
39.61 0.0450288 0
39.62 0.0461581 0
39.63 0.0472832 0
39.64 0.0484041 0
39.65 0.0495207 0
39.66 0.0506328 0
39.67 0.0527022 1
39.68 0.0550519 1
39.69 0.0573966 1
39.7 0.0597361 1
39.71 0.06207 1
39.72 0.0643983 1
39.73 0.0667206 1
39.74 0.0690368 1
39.75 0.0713465 1
39.76 0.0736497 1
39.77 0.0759459 1
39.78 0.0782351 1
39.79 0.0805169 1
39.8 0.0827912 1
39.81 0.0850577 1
39.82 0.0873162 1
39.83 0.0895664 1
39.84 0.0918083 1
39.85 0.0940414 1
39.86 0.0962656 1
39.87 0.0984807 1
39.88 0.100686 1
39.89 0.102883 1
39.9 0.105069 1
39.91 0.107245 1
39.92 0.109412 1
39.93 0.111567 1
39.94 0.113712 1
39.95 0.115847 1
39.96 0.11797 1
39.97 0.120081 1
39.98 0.122182 1
39.99 0.12427 1
40 0.126347 1
40.01 0.128412 1
40.02 0.130464 1
40.03 0.132503 1
40.04 0.13453 1
40.05 0.136544 1
40.06 0.138545 1
40.07 0.140532 1
40.08 0.142506 1
40.09 0.144466 1
40.1 0.146413 1
40.11 0.148345 1
40.12 0.150262 1
40.13 0.152165 1
40.14 0.154054 1
40.15 0.155927 1
40.16 0.157786 1
40.17 0.159629 1
40.18 0.161457 1
40.19 0.163269 1
40.2 0.165065 1
40.21 0.166845 1
40.22 0.168609 1
40.23 0.170357 1
40.24 0.172088 1
40.25 0.173803 1
40.26 0.1755 1
40.27 0.177181 1
40.28 0.178844 1
40.29 0.18049 1
40.3 0.182118 1
40.31 0.183729 1
40.32 0.185322 1
40.33 0.186897 1
40.34 0.188453 1
40.35 0.189991 1
40.36 0.191511 1
40.37 0.193012 1
40.38 0.194494 1
40.39 0.195958 1
40.4 0.197402 1
40.41 0.198827 1
40.42 0.200233 1
40.43 0.201619 1
40.44 0.202985 1
40.45 0.204332 1
40.46 0.205658 1
40.47 0.206965 1
40.48 0.208251 1
40.49 0.209517 1
40.5 0.210763 1
40.51 0.211988 1
40.52 0.213193 1
40.53 0.214376 1
40.54 0.215539 1
40.55 0.21668 1
40.56 0.217801 1
40.57 0.2189 1
40.58 0.219977 1
40.59 0.221034 1
40.6 0.222068 1
40.61 0.223081 1
40.62 0.224072 1
40.63 0.225042 1
40.64 0.225989 1
40.65 0.226914 1
40.66 0.227817 1
40.67 0.228697 1
40.68 0.229556 1
40.69 0.230391 1
40.7 0.231205 1
40.71 0.231995 1
40.72 0.232763 1
40.73 0.233508 1
40.74 0.234231 1
40.75 0.23493 1
40.76 0.235607 1
40.77 0.23626 1
40.78 0.23689 1
40.79 0.237497 1
40.8 0.238081 1
40.81 0.238641 1
40.82 0.239178 1
40.83 0.239692 1
40.84 0.240182 1
40.85 0.240649 1
40.86 0.241092 1
40.87 0.241512 1
40.88 0.241908 1
40.89 0.24228 1
40.9 0.242628 1
40.91 0.242953 1
40.92 0.243254 1
40.93 0.243531 1
40.94 0.243784 1
40.95 0.244013 1
40.96 0.244219 1
40.97 0.2444 1
40.98 0.244558 1
40.99 0.244692 1
41 0.244801 1
41.01 0.244887 1
41.02 0.244949 1
41.03 0.244986 1
41.04 0.245 1
41.05 0.24499 1
41.06 0.244955 1
41.07 0.244897 1
41.08 0.244815 1
41.09 0.244708 1
41.1 0.244578 1
41.11 0.244424 1
41.12 0.244246 1
41.13 0.244044 1
41.14 0.243818 1
41.15 0.243568 1
41.16 0.243294 1
41.17 0.242997 1
41.18 0.242675 1
41.19 0.24233 1
41.2 0.241961 1
41.21 0.241569 1
41.22 0.241153 1
41.23 0.240713 1
41.24 0.24025 1
41.25 0.239763 1
41.26 0.239252 1
41.27 0.238718 1
41.28 0.238161 1
41.29 0.237581 1
41.3 0.236977 1
41.31 0.23635 1
41.32 0.2357 1
41.33 0.235027 1
41.34 0.234331 1
41.35 0.233612 1
41.36 0.23287 1
41.37 0.232105 1
41.38 0.231317 1
41.39 0.230507 1
41.4 0.229675 1
41.41 0.22882 1
41.42 0.227942 1
41.43 0.227042 1
41.44 0.22612 1
41.45 0.225176 1
41.46 0.22421 1
41.47 0.223222 1
41.48 0.222212 1
41.49 0.221181 1
41.5 0.220128 1
41.51 0.219053 1
41.52 0.217957 1
41.53 0.216839 1
41.54 0.215701 1
41.55 0.214541 1
41.56 0.213361 1
41.57 0.212159 1
41.58 0.210937 1
41.59 0.209694 1
41.6 0.208431 1
41.61 0.207147 1
41.62 0.205844 1
41.63 0.20452 1
41.64 0.203176 1
41.65 0.201812 1
41.66 0.200429 1
41.67 0.199026 1
41.68 0.197604 1
41.69 0.196162 1
41.7 0.194702 1
41.71 0.193222 1
41.72 0.191724 1
41.73 0.190207 1
41.74 0.188671 1
41.75 0.187117 1
41.76 0.185545 1
41.77 0.183955 1
41.78 0.182346 1
41.79 0.180721 1
41.8 0.179077 1
41.81 0.177416 1
41.82 0.175738 1
41.83 0.174043 1
41.84 0.172331 1
41.85 0.170602 1
41.86 0.168857 1
41.87 0.167095 1
41.88 0.165317 1
41.89 0.163523 1
41.9 0.161713 1
41.91 0.159888 1
41.92 0.158047 1
41.93 0.15619 1
41.94 0.154319 1
41.95 0.152432 1
41.96 0.150531 1
41.97 0.148616 1
41.98 0.146686 1
41.99 0.144741 1
42 0.142783 1
42.01 0.140811 1
42.02 0.138826 1
42.03 0.136827 1
42.04 0.134815 1
42.05 0.13279 1
42.06 0.130752 1
42.07 0.128701 1
42.08 0.126639 1
42.09 0.124564 1
42.1 0.122477 1
42.11 0.120378 1
42.12 0.118268 1
42.13 0.116146 1
42.14 0.114014 1
42.15 0.11187 1
42.16 0.109716 1
42.17 0.107551 1
42.18 0.105376 1
42.19 0.103191 1
42.2 0.100996 1
42.21 0.0987921 1
42.22 0.0965783 1
42.23 0.0943553 1
42.24 0.0921234 1
42.25 0.0898828 1
42.26 0.0876337 1
42.27 0.0853764 1
42.28 0.083111 1
42.29 0.0808378 1
42.3 0.078557 1
42.31 0.0762689 1
42.32 0.0739736 1
42.33 0.0716715 1
42.34 0.0693626 1
42.35 0.0670474 1
42.36 0.0647259 1
42.37 0.0623984 1
42.38 0.0600653 1
42.39 0.0577266 1
42.4 0.0553826 1
42.41 0.0530336 1
42.42 0.0506798 1
42.43 0.0483214 1
42.44 0.0459587 1
42.45 0.0435919 1
42.46 0.0412213 1
42.47 0.038847 1
42.48 0.0364693 1
42.49 0.0340885 1
42.5 0.0317048 1
42.51 0.0293184 1
42.52 0.0269296 1
42.53 0.0245386 1
42.54 0.0221456 1
42.55 0.0197509 1
42.56 0.0173547 1
42.57 0.0149573 1
42.58 0.0125589 1
42.59 0.0101598 1
42.6 0.00776014 1
42.61 0.0053602 1
42.62 0.00296022 1
42.63 0.000560451 1
42.64 -0.00183888 1
42.65 -0.00423752 1
42.66 -0.00663524 1
42.67 -0.0090318 1
42.68 -0.0114269 1
42.69 -0.0138205 1
42.7 -0.0162121 1
42.71 -0.0186016 1
42.72 -0.0209887 1
42.73 -0.0233733 1
42.74 -0.025755 1
42.75 -0.0281336 1
42.76 -0.030509 1
42.77 -0.0328807 1
42.78 -0.0352487 1
42.79 -0.0376127 1
42.8 -0.0399724 1
42.81 -0.0415643 0
42.82 -0.0426679 0
42.83 -0.0437668 0
42.84 -0.0448607 0
42.85 -0.0459497 0
42.86 -0.0470336 0
42.87 -0.0481123 0
42.88 -0.0491857 0
42.89 -0.0502537 0
42.9 -0.0513161 0
42.91 -0.0523729 0
42.92 -0.053424 0
42.93 -0.0544693 0
42.94 -0.0555085 0
42.95 -0.0565418 0
42.96 -0.0575689 0
42.97 -0.0585897 0
42.98 -0.0596041 0
42.99 -0.0606122 0
43 -0.0616136 0
43.01 -0.0626084 0
43.02 -0.0635964 0
43.03 -0.0645776 0
43.04 -0.0655518 0
43.05 -0.0665189 0
43.06 -0.0674789 0
43.07 -0.0684317 0
43.08 -0.0693771 0
43.09 -0.070315 0
43.1 -0.0712455 0
43.11 -0.0721683 0
43.12 -0.0730834 0
43.13 -0.0739907 0
43.14 -0.0748901 0
43.15 -0.0757815 0
43.16 -0.0766648 0
43.17 -0.0775399 0
43.18 -0.0784068 0
43.19 -0.0792654 0
43.2 -0.0801155 0
43.21 -0.0809572 0
43.22 -0.0817902 0
43.23 -0.0826145 0
43.24 -0.0834301 0
43.25 -0.0842369 0
43.26 -0.0850347 0
43.27 -0.0858235 0
43.28 -0.0866032 0
43.29 -0.0873738 0
43.3 -0.0881351 0
43.31 -0.0888872 0
43.32 -0.0896298 0
43.33 -0.090363 0
43.34 -0.0910866 0
43.35 -0.0918006 0
43.36 -0.092505 0
43.37 -0.0931996 0
43.38 -0.0938844 0
43.39 -0.0945593 0
43.4 -0.0952242 0
43.41 -0.0958791 0
43.42 -0.0965239 0
43.43 -0.0971586 0
43.44 -0.097783 0
43.45 -0.0983972 0
43.46 -0.0990011 0
43.47 -0.0995945 0
43.48 -0.100177 0
43.49 -0.10075 0
43.5 -0.101312 0
43.51 -0.101863 0
43.52 -0.102404 0
43.53 -0.102933 0
43.54 -0.103452 0
43.55 -0.103961 0
43.56 -0.104458 0
43.57 -0.104944 0
43.58 -0.10542 0
43.59 -0.105884 0
43.6 -0.106337 0
43.61 -0.106779 0
43.62 -0.10721 0
43.63 -0.10763 0
43.64 -0.108038 0
43.65 -0.108435 0
43.66 -0.108821 0
43.67 -0.109196 0
43.68 -0.109559 0
43.69 -0.10991 0
43.7 -0.11025 0
43.71 -0.110579 0
43.72 -0.110896 0
43.73 -0.111201 0
43.74 -0.111495 0
43.75 -0.111777 0
43.76 -0.112047 0
43.77 -0.112306 0
43.78 -0.112553 0
43.79 -0.112788 0
43.8 -0.113012 0
43.81 -0.113223 0
43.82 -0.113423 0
43.83 -0.113611 0
43.84 -0.113787 0
43.85 -0.113951 0
43.86 -0.114104 0
43.87 -0.114244 0
43.88 -0.114373 0
43.89 -0.114489 0
43.9 -0.114594 0
43.91 -0.114687 0
43.92 -0.114767 0
43.93 -0.114836 0
43.94 -0.114893 0
43.95 -0.114937 0
43.96 -0.11497 0
43.97 -0.114991 0
43.98 -0.115 0
43.99 -0.114996 0
44 -0.114981 0
44.01 -0.114954 0
44.02 -0.114915 0
44.03 -0.114863 0
44.04 -0.1148 0
44.05 -0.114725 0
44.06 -0.114638 0
44.07 -0.114539 0
44.08 -0.114428 0
44.09 -0.114305 0
44.1 -0.11417 0
44.11 -0.114023 0
44.12 -0.113864 0
44.13 -0.113693 0
44.14 -0.113511 0
44.15 -0.113316 0
44.16 -0.11311 0
44.17 -0.112892 0
44.18 -0.112662 0
44.19 -0.112421 0
44.2 -0.112168 0
44.21 -0.111903 0
44.22 -0.111626 0
44.23 -0.111337 0
44.24 -0.111037 0
44.25 -0.110726 0
44.26 -0.110403 0
44.27 -0.110068 0
44.28 -0.109722 0
44.29 -0.109364 0
44.3 -0.108995 0
44.31 -0.108614 0
44.32 -0.108222 0
44.33 -0.107819 0
44.34 -0.107404 0
44.35 -0.106979 0
44.36 -0.106542 0
44.37 -0.106094 0
44.38 -0.105634 0
44.39 -0.105164 0
44.4 -0.104683 0
44.41 -0.104191 0
44.42 -0.103687 0
44.43 -0.103173 0
44.44 -0.102648 0
44.45 -0.102113 0
44.46 -0.101566 0
44.47 -0.101009 0
44.48 -0.100442 0
44.49 -0.0998636 0
44.5 -0.099275 0
44.51 -0.0986759 0
44.52 -0.0980665 0
44.53 -0.0974468 0
44.54 -0.0968168 0
44.55 -0.0961766 0
44.56 -0.0955263 0
44.57 -0.094866 0
44.58 -0.0941957 0
44.59 -0.0935154 0
44.6 -0.0928253 0
44.61 -0.0921254 0
44.62 -0.0914159 0
44.63 -0.0906966 0
44.64 -0.0899678 0
44.65 -0.0892295 0
44.66 -0.0884818 0
44.67 -0.0877247 0
44.68 -0.0869584 0
44.69 -0.0861829 0
44.7 -0.0853982 0
44.71 -0.0846045 0
44.72 -0.0838019 0
44.73 -0.0829903 0
44.74 -0.08217 0
44.75 -0.0813409 0
44.76 -0.0805033 0
44.77 -0.079657 0
44.78 -0.0788023 0
44.79 -0.0779392 0
44.8 -0.0770679 0
44.81 -0.0761883 0
44.82 -0.0753006 0
44.83 -0.0744049 0
44.84 -0.0735012 0
44.85 -0.0725897 0
44.86 -0.0716704 0
44.87 -0.0707434 0
44.88 -0.0698089 0
44.89 -0.0688669 0
44.9 -0.0679175 0
44.91 -0.0669609 0
44.92 -0.065997 0
44.93 -0.065026 0
44.94 -0.064048 0
44.95 -0.0630632 0
44.96 -0.0620715 0
44.97 -0.0610731 0
44.98 -0.0600681 0
44.99 -0.0590566 0
45 -0.0580386 0
45.01 -0.0570144 0
45.02 -0.055984 0
45.03 -0.0549475 0
45.04 -0.053905 0
45.05 -0.0528566 0
45.06 -0.0518024 0
45.07 -0.0507425 0
45.08 -0.0496771 0
45.09 -0.0486061 0
45.1 -0.0475299 0
45.11 -0.0464484 0
45.12 -0.0453617 0
45.13 -0.04427 0
45.14 -0.0431733 0
45.15 -0.0420719 0
45.16 -0.0409657 0
45.17 -0.039855 0
45.18 -0.0387397 0
45.19 -0.0376201 0
45.2 -0.0364963 0
45.21 -0.0353682 0
45.22 -0.0342362 0
45.23 -0.0331002 0
45.24 -0.0319604 0
45.25 -0.0308169 0
45.26 -0.0296698 0
45.27 -0.0285193 0
45.28 -0.0273654 0
45.29 -0.0262083 0
45.3 -0.025048 0
45.31 -0.0238848 0
45.32 -0.0227186 0
45.33 -0.0215497 0
45.34 -0.0203781 0
45.35 -0.019204 0
45.36 -0.0180275 0
45.37 -0.0168487 0
45.38 -0.0156677 0
45.39 -0.0144846 0
45.4 -0.0132995 0
45.41 -0.0121127 0
45.42 -0.0109241 0
45.43 -0.00973394 0
45.44 -0.00854231 0
45.45 -0.00734931 0
45.46 -0.00615509 0
45.47 -0.00495975 0
45.48 -0.00376341 0
45.49 -0.0025662 0
45.5 -0.00136822 0
45.51 -0.000169617 0
45.52 0.00102951 0
45.53 0.00222903 0
45.54 0.00342883 0
45.55 0.00462878 0
45.56 0.00582878 0
45.57 0.00702869 0
45.58 0.00822839 0
45.59 0.00942778 0
45.6 0.0106267 0
45.61 0.0118251 0
45.62 0.0130228 0
45.63 0.0142197 0
45.64 0.0154157 0
45.65 0.0166106 0
45.66 0.0178044 0
45.67 0.0189968 0
45.68 0.0201879 0
45.69 0.0213775 0
45.7 0.0225654 0
45.71 0.0237516 0
45.72 0.0249359 0
45.73 0.0261182 0
45.74 0.0272984 0
45.75 0.0284764 0
45.76 0.029652 0
45.77 0.0308252 0
45.78 0.0319957 0
45.79 0.0331636 0
45.8 0.0343287 0
45.81 0.0354908 0
45.82 0.0366499 0
45.83 0.0378058 0
45.84 0.0389584 0
45.85 0.0401076 0
45.86 0.0412533 0
45.87 0.0423954 0
45.88 0.0435338 0
45.89 0.0446683 0
45.9 0.0457988 0
45.91 0.0469253 0
45.92 0.0480475 0
45.93 0.0491655 0
45.94 0.050279 0
45.95 0.0519528 1
45.96 0.054304 1
45.97 0.0566503 1
45.98 0.0589915 1
45.99 0.0613272 1
46 0.0636573 1
46.01 0.0659816 1
46.02 0.0682997 1
46.03 0.0706115 1
46.04 0.0729168 1
46.05 0.0752152 1
46.06 0.0775067 1
46.07 0.0797909 1
46.08 0.0820676 1
46.09 0.0843366 1
46.1 0.0865977 1
46.11 0.0888506 1
46.12 0.0910951 1
46.13 0.093331 1
46.14 0.0955581 1
46.15 0.0977761 1
46.16 0.0999849 1
46.17 0.102184 1
46.18 0.104374 1
46.19 0.106553 1
46.2 0.108723 1
46.21 0.110882 1
46.22 0.11303 1
46.23 0.115168 1
46.24 0.117295 1
46.25 0.11941 1
46.26 0.121514 1
46.27 0.123606 1
46.28 0.125687 1
46.29 0.127755 1
46.3 0.129811 1
46.31 0.131855 1
46.32 0.133886 1
46.33 0.135904 1
46.34 0.137909 1
46.35 0.139901 1
46.36 0.141879 1
46.37 0.143844 1
46.38 0.145794 1
46.39 0.147731 1
46.4 0.149653 1
46.41 0.151561 1
46.42 0.153454 1
46.43 0.155332 1
46.44 0.157196 1
46.45 0.159044 1
46.46 0.160876 1
46.47 0.162693 1
46.48 0.164495 1
46.49 0.16628 1
46.5 0.168049 1
46.51 0.169802 1
46.52 0.171539 1
46.53 0.173258 1
46.54 0.174961 1
46.55 0.176647 1
46.56 0.178316 1
46.57 0.179968 1
46.58 0.181602 1
46.59 0.183218 1
46.6 0.184816 1
46.61 0.186397 1
46.62 0.187959 1
46.63 0.189503 1
46.64 0.191029 1
46.65 0.192536 1
46.66 0.194024 1
46.67 0.195494 1
46.68 0.196944 1
46.69 0.198375 1
46.7 0.199787 1
46.71 0.201179 1
46.72 0.202552 1
46.73 0.203905 1
46.74 0.205238 1
46.75 0.206551 1
46.76 0.207844 1
46.77 0.209116 1
46.78 0.210369 1
46.79 0.2116 1
46.8 0.212811 1
46.81 0.214001 1
46.82 0.215171 1
46.83 0.216319 1
46.84 0.217446 1
46.85 0.218552 1
46.86 0.219637 1
46.87 0.2207 1
46.88 0.221741 1
46.89 0.222761 1
46.9 0.223759 1
46.91 0.224735 1
46.92 0.225689 1
46.93 0.226622 1
46.94 0.227532 1
46.95 0.228419 1
46.96 0.229285 1
46.97 0.230128 1
46.98 0.230948 1
46.99 0.231746 1
47 0.232521 1
47.01 0.233274 1
47.02 0.234003 1
47.03 0.23471 1
47.04 0.235394 1
47.05 0.236054 1
47.06 0.236692 1
47.07 0.237306 1
47.08 0.237897 1
47.09 0.238465 1
47.1 0.23901 1
47.11 0.239531 1
47.12 0.240029 1
47.13 0.240503 1
47.14 0.240954 1
47.15 0.241381 1
47.16 0.241784 1
47.17 0.242164 1
47.18 0.24252 1
47.19 0.242852 1
47.2 0.243161 1
47.21 0.243445 1
47.22 0.243706 1
47.23 0.243943 1
47.24 0.244156 1
47.25 0.244345 1
47.26 0.24451 1
47.27 0.244652 1
47.28 0.244769 1
47.29 0.244862 1
47.3 0.244932 1
47.31 0.244977 1
47.32 0.244998 1
47.33 0.244996 1
47.34 0.244969 1
47.35 0.244918 1
47.36 0.244844 1
47.37 0.244745 1
47.38 0.244622 1
47.39 0.244476 1
47.4 0.244305 1
47.41 0.244111 1
47.42 0.243892 1
47.43 0.24365 1
47.44 0.243384 1
47.45 0.243094 1
47.46 0.24278 1
47.47 0.242443 1
47.48 0.242081 1
47.49 0.241696 1
47.5 0.241288 1
47.51 0.240856 1
47.52 0.2404 1
47.53 0.23992 1
47.54 0.239417 1
47.55 0.238891 1
47.56 0.238341 1
47.57 0.237768 1
47.58 0.237172 1
47.59 0.236552 1
47.6 0.23591 1
47.61 0.235244 1
47.62 0.234555 1
47.63 0.233843 1
47.64 0.233108 1
47.65 0.232351 1
47.66 0.231571 1
47.67 0.230768 1
47.68 0.229942 1
47.69 0.229094 1
47.7 0.228224 1
47.71 0.227331 1
47.72 0.226417 1
47.73 0.225479 1
47.74 0.22452 1
47.75 0.223539 1
47.76 0.222536 1
47.77 0.221512 1
47.78 0.220465 1
47.79 0.219398 1
47.8 0.218308 1
47.81 0.217198 1
47.82 0.216066 1
47.83 0.214913 1
47.84 0.213739 1
47.85 0.212544 1
47.86 0.211328 1
47.87 0.210092 1
47.88 0.208836 1
47.89 0.207558 1
47.9 0.206261 1
47.91 0.204944 1
47.92 0.203606 1
47.93 0.202249 1
47.94 0.200872 1
47.95 0.199475 1
47.96 0.198059 1
47.97 0.196624 1
47.98 0.195169 1
47.99 0.193695 1
48 0.192203 1
48.01 0.190692 1
48.02 0.189162 1
48.03 0.187614 1
48.04 0.186048 1
48.05 0.184463 1
48.06 0.182861 1
48.07 0.18124 1
48.08 0.179602 1
48.09 0.177947 1
48.1 0.176275 1
48.11 0.174585 1
48.12 0.172878 1
48.13 0.171155 1
48.14 0.169414 1
48.15 0.167658 1
48.16 0.165885 1
48.17 0.164096 1
48.18 0.162291 1
48.19 0.160471 1
48.2 0.158635 1
48.21 0.156783 1
48.22 0.154917 1
48.23 0.153035 1
48.24 0.151138 1
48.25 0.149227 1
48.26 0.147302 1
48.27 0.145362 1
48.28 0.143409 1
48.29 0.141441 1
48.3 0.13946 1
48.31 0.137465 1
48.32 0.135457 1
48.33 0.133436 1
48.34 0.131402 1
48.35 0.129356 1
48.36 0.127297 1
48.37 0.125226 1
48.38 0.123143 1
48.39 0.121048 1
48.4 0.118941 1
48.41 0.116823 1
48.42 0.114694 1
48.43 0.112554 1
48.44 0.110403 1
48.45 0.108242 1
48.46 0.10607 1
48.47 0.103888 1
48.48 0.101697 1
48.49 0.0994953 1
48.5 0.0972844 1
48.51 0.0950644 1
48.52 0.0928353 1
48.53 0.0905975 1
48.54 0.0883511 1
48.55 0.0860963 1
48.56 0.0838335 1
48.57 0.0815627 1
48.58 0.0792843 1
48.59 0.0769985 1
48.6 0.0747055 1
48.61 0.0724055 1
48.62 0.0700988 1
48.63 0.0677855 1
48.64 0.065466 1
48.65 0.0631404 1
48.66 0.0608091 1
48.67 0.0584721 1
48.68 0.0561298 1
48.69 0.0537824 1
48.7 0.0514301 1
48.71 0.0490731 1
48.72 0.0467118 1
48.73 0.0443463 1
48.74 0.0419768 1
48.75 0.0396036 1
48.76 0.037227 1
48.77 0.0348472 1
48.78 0.0324644 1
48.79 0.0300788 1
48.8 0.0276907 1
48.81 0.0253004 1
48.82 0.022908 1
48.83 0.0205138 1
48.84 0.0181181 1
48.85 0.0157211 1
48.86 0.013323 1
48.87 0.0109241 1
48.88 0.00852454 1
48.89 0.00612467 1
48.9 0.00372468 1
48.91 0.00132482 1
48.92 -0.00107468 1
48.93 -0.00347357 1
48.94 -0.00587161 1
48.95 -0.00826856 1
48.96 -0.0106642 1
48.97 -0.0130582 1
48.98 -0.0154505 1
48.99 -0.0178407 1
49 -0.0202286 1
49.01 -0.022614 1
49.02 -0.0249967 1
49.03 -0.0273763 1
49.04 -0.0297527 1
49.05 -0.0321256 1
49.06 -0.0344949 1
49.07 -0.0368601 1
49.08 -0.0392212 1
49.09 -0.0412117 0
49.1 -0.0423169 0
49.11 -0.0434173 0
49.12 -0.0445128 0
49.13 -0.0456034 0
49.14 -0.0466889 0
49.15 -0.0477693 0
49.16 -0.0488444 0
49.17 -0.0499141 0
49.18 -0.0509783 0
49.19 -0.0520369 0
49.2 -0.0530899 0
49.21 -0.054137 0
49.22 -0.0551781 0
49.23 -0.0562133 0
49.24 -0.0572424 0
49.25 -0.0582652 0
49.26 -0.0592817 0
49.27 -0.0602918 0
49.28 -0.0612953 0
49.29 -0.0622922 0
49.3 -0.0632824 0
49.31 -0.0642658 0
49.32 -0.0652422 0
49.33 -0.0662116 0
49.34 -0.0671739 0
49.35 -0.068129 0
49.36 -0.0690767 0
49.37 -0.0700171 0
49.38 -0.0709499 0
49.39 -0.0718752 0
49.4 -0.0727927 0
49.41 -0.0737025 0
49.42 -0.0746044 0
49.43 -0.0754984 0
49.44 -0.0763843 0
49.45 -0.0772621 0
49.46 -0.0781316 0
49.47 -0.0789928 0
49.48 -0.0798457 0
49.49 -0.08069 0
49.5 -0.0815258 0
49.51 -0.0823529 0
49.52 -0.0831713 0
49.53 -0.0839809 0
49.54 -0.0847815 0
49.55 -0.0855732 0
49.56 -0.0863559 0
49.57 -0.0871294 0
49.58 -0.0878936 0
49.59 -0.0886486 0
49.6 -0.0893943 0
49.61 -0.0901305 0
49.62 -0.0908572 0
49.63 -0.0915743 0
49.64 -0.0922817 0
49.65 -0.0929794 0
49.66 -0.0936673 0
49.67 -0.0943454 0
49.68 -0.0950135 0
49.69 -0.0956716 0
49.7 -0.0963196 0
49.71 -0.0969575 0
49.72 -0.0975852 0
49.73 -0.0982027 0
49.74 -0.0988098 0
49.75 -0.0994066 0
49.76 -0.0999929 0
49.77 -0.100569 0
49.78 -0.101134 0
49.79 -0.101689 0
49.8 -0.102233 0
49.81 -0.102766 0
49.82 -0.103288 0
49.83 -0.1038 0
49.84 -0.104301 0
49.85 -0.104791 0
49.86 -0.105269 0
49.87 -0.105737 0
49.88 -0.106194 0
49.89 -0.10664 0
49.9 -0.107074 0
49.91 -0.107497 0
49.92 -0.107909 0
49.93 -0.10831 0
49.94 -0.1087 0
49.95 -0.109078 0
49.96 -0.109444 0
49.97 -0.109799 0
49.98 -0.110143 0
49.99 -0.110475 0
50 -0.110796 0
